0 0.64609375 0.0796875 0.0203125 0.0328125
0 0.83984375 0.12578125 0.0546875 0.0453125
0 0.8421875 0.0875 0.025 0.0296875
0 0.184375 0.30078125 0.0171875 0.0171875
0 0.125 0.30078125 0.0203125 0.021875
0 0.2328125 0.53984375 0.0125 0.021875
0 0.32734375 0.73515625 0.021875 0.015625
0 0.92421875 0.39375 0.01875 0.021875
1 0.53984375 0.159375 0.9203125 0.31640625
1 0.825 0.659375 0.35 0.68125
1 0.4609375 0.58125 0.3734375 0.521875
1 0.2453125 0.53515625 0.0609375 0.29296875
1 0.190625 0.5546875 0.0484375 0.06640625