1 0.540625 0.14375 0.91875 0.2875
1 0.80703125 0.64375 0.3859375 0.7125
1 0.478125 0.58203125 0.2765625 0.5921875
1 0.565625 0.90625 0.0953125 0.0609375
1 0.290625 0.5296875 0.1015625 0.36328125
1 0.22265625 0.44921875 0.0359375 0.025
1 0.22578125 0.53828125 0.028125 0.0390625
1 0.184375 0.5890625 0.034375 0.0328125
1 0.2265625 0.64140625 0.025 0.0703125
1 0.23671875 0.73828125 0.0703125 0.05625
0 0.1796875 0.30546875 0.0171875 0.01953125
0 0.39765625 0.38359375 0.0109375 0.01953125
0 0.8328125 0.10859375 0.059375 0.025
0 0.89453125 0.50859375 0.015625 0.025
0 0.93046875 0.5734375 0.0328125 0.0234375
0 0.49453125 0.74375 0.01875 0.0234375
0 0.2296875 0.5453125 0.0125 0.0140625
0 0.26484375 0.64921875 0.0125 0.015625