1 0.55078125 0.08984375 0.8984375 0.1796875
1 0.05234375 0.05625 0.103125 0.1109375
1 0.11171875 0.24609375 0.090625 0.13125
1 0.65078125 0.47265625 0.6984375 0.584375
1 0.84609375 0.8515625 0.3078125 0.1796875
1 0.97265625 0.96953125 0.0546875 0.0609375
1 0.70625 0.9703125 0.2046875 0.05859375
0 0.809375 0.92578125 0.0109375 0.01171875
1 0.2390625 0.56171875 0.125 0.3140625
1 0.36953125 0.79765625 0.1 0.0625
0 0.49765625 0.73515625 0.0109375 0.0140625
0 0.228125 0.54609375 0.0171875 0.0140625
0 0.175 0.30859375 0.0171875 0.0140625
0 0.92421875 0.5578125 0.034375 0.03125
0 0.82109375 0.0984375 0.053125 0.021875