0 0.83515625 0.1125 0.05 0.01953125
0 0.84609375 0.1359375 0.0171875 0.01953125
0 0.18203125 0.3046875 0.0171875 0.021875
0 0.23125 0.5421875 0.0140625 0.01171875
0 0.32734375 0.740625 0.01875 0.0140625
0 0.403125 0.3828125 0.0140625 0.015625
0 0.934375 0.575 0.028125 0.02734375
0 0.91171875 0.4359375 0.0171875 0.0140625
0 0.92421875 0.39140625 0.015625 0.021875
1 0.53828125 0.15 0.9234375 0.3
1 0.63125 0.5140625 0.7375 0.4296875
1 0.9 0.85625 0.2 0.26171875
1 0.76484375 0.88671875 0.075 0.2265625
1 0.703125 0.97578125 0.0484375 0.0484375
1 0.503125 0.8015625 0.2234375 0.1421875
1 0.66796875 0.75390625 0.1109375 0.05078125
1 0.36171875 0.74140625 0.0453125 0.0171875
1 0.23828125 0.5671875 0.0484375 0.275
1 0.19375 0.584375 0.0390625 0.05078125
1 0.2546875 0.4015625 0.0171875 0.053125