1 0.50703125 0.0765625 0.9859375 0.15234375
1 0.625 0.371875 0.75 0.4375
1 0.89375 0.79453125 0.2125 0.4109375
1 0.73203125 0.90625 0.1078125 0.1875
1 0.3703125 0.6734375 0.3515625 0.16015625
1 0.403125 0.83671875 0.1390625 0.16015625
1 0.18828125 0.48125 0.125 0.228125
1 0.0921875 0.22578125 0.15625 0.1421875
0 0.12421875 0.28046875 0.0171875 0.01953125
0 0.18515625 0.53515625 0.0140625 0.015625
0 0.2296875 0.64453125 0.015625 0.01171875
0 0.93984375 0.51484375 0.01875 0.0171875
0 0.82890625 0.91484375 0.0125 0.0140625
0 0.81171875 0.025 0.0671875 0.021875