0 0.93828125 0.58125 0.034375 0.021875
0 0.1890625 0.29609375 0.0140625 0.0171875
0 0.1265625 0.2953125 0.0171875 0.0140625
0 0.2359375 0.5328125 0.0171875 0.0171875
0 0.2671875 0.6390625 0.0140625 0.015625
0 0.50234375 0.74140625 0.0140625 0.0171875
0 0.653125 0.08125 0.0203125 0.03515625
0 0.8453125 0.1171875 0.053125 0.01953125
0 0.85390625 0.08515625 0.021875 0.0390625
1 0.3875 0.1546875 0.60625 0.30859375
1 0.86640625 0.47734375 0.2671875 0.953125
1 0.71171875 0.21015625 0.040625 0.196875
1 0.51015625 0.4671875 0.4453125 0.3109375
1 0.56875 0.790625 0.33125 0.33203125
1 0.71015625 0.97734375 0.1484375 0.0453125
1 0.36015625 0.7203125 0.0828125 0.1953125
1 0.96640625 0.97734375 0.0671875 0.0453125
1 0.228125 0.5203125 0.1203125 0.2953125