0 0.184375 0.3 0.0140625 0.021875
0 0.234375 0.53828125 0.015625 0.01953125
0 0.26640625 0.640625 0.0171875 0.015625
0 0.6453125 0.07890625 0.0203125 0.040625
0 0.83671875 0.1265625 0.05625 0.046875
0 0.84296875 0.0890625 0.021875 0.03125
0 0.87734375 0.12109375 0.0203125 0.025
0 0.1234375 0.3015625 0.0171875 0.015625
1 0.53515625 0.1578125 0.9296875 0.315625
1 0.628125 0.5265625 0.74375 0.41796875
1 0.44375 0.78828125 0.0953125 0.103125
1 0.7546875 0.86796875 0.24375 0.2640625
1 0.93828125 0.8421875 0.1234375 0.2109375
1 0.96796875 0.97265625 0.0640625 0.0546875
1 0.5609375 0.8921875 0.14375 0.1734375
1 0.2234375 0.54296875 0.0640625 0.2421875
1 0.1765625 0.53984375 0.0296875 0.0609375