0 0.17734375 0.3046875 0.0125 0.0171875
0 0.8265625 0.10234375 0.053125 0.0234375
0 0.92890625 0.5625 0.028125 0.0171875
0 0.8921875 0.5078125 0.0171875 0.021875
0 0.9109375 0.4234375 0.0109375 0.015625
1 0.7921875 0.5 0.415625 1
1 0.14296875 0.1546875 0.1546875 0.30859375
1 0.40234375 0.0765625 0.3640625 0.15234375
1 0.440625 0.521875 0.2875 0.740625
0 0.2296875 0.54296875 0.015625 0.01953125
0 0.39765625 0.3796875 0.0140625 0.015625
0 0.4046875 0.73828125 0.0171875 0.01171875
0 0.38515625 0.725 0.0234375 0.0140625