0 0.18828125 0.2921875 0.0125 0.01171875
0 0.1234375 0.290625 0.0171875 0.01953125
0 0.26796875 0.640625 0.0171875 0.021875
0 0.23515625 0.534375 0.015625 0.0140625
0 0.50234375 0.7421875 0.0140625 0.0171875
0 0.93984375 0.58125 0.03125 0.0234375
0 0.8109375 0.95 0.0140625 0.015625
0 0.6546875 0.0828125 0.01875 0.0328125
0 0.83984375 0.1171875 0.0578125 0.021875
0 0.85546875 0.13984375 0.0125 0.0171875
0 0.853125 0.08515625 0.03125 0.04296875
0 0.40625 0.378125 0.009375 0.015625
1 0.1828125 0.15546875 0.2453125 0.3109375
1 0.5015625 0.3875 0.3859375 0.775
1 0.86171875 0.0703125 0.2765625 0.140625
1 0.8484375 0.4671875 0.303125 0.6484375
1 0.95859375 0.95078125 0.0828125 0.0984375
1 0.83046875 0.8453125 0.26875 0.10546875
1 0.88828125 0.934375 0.0609375 0.07421875
1 0.54375 0.840625 0.3078125 0.12890625
1 0.74140625 0.95 0.2265625 0.1