0 0.23125 0.540625 0.015625 0.0171875
0 0.1828125 0.303125 0.0171875 0.0171875
0 0.121875 0.2984375 0.0140625 0.0171875
0 0.64609375 0.08203125 0.0140625 0.02734375
0 0.83671875 0.115625 0.05625 0.025
0 0.846875 0.1359375 0.0140625 0.0171875
0 0.9140625 0.4359375 0.015625 0.015625
0 0.92109375 0.39375 0.01875 0.01953125
0 0.93203125 0.57421875 0.021875 0.0234375
1 0.87421875 0.5 0.2515625 1
1 0.71171875 0.90703125 0.075 0.1859375
1 0.4140625 0.1578125 0.66875 0.315625
1 0.51640625 0.53828125 0.4625 0.44921875
0 0.4984375 0.73828125 0.015625 0.0140625
0 0.32734375 0.7375 0.0203125 0.015625
1 0.496875 0.8078125 0.2171875 0.0859375
1 0.25078125 0.5421875 0.0703125 0.3125
1 0.19375 0.5640625 0.0453125 0.05078125
0 0.4 0.3828125 0.015625 0.0171875