1 0.52734375 0.10625 0.9453125 0.2125
1 0.66171875 0.49296875 0.6765625 0.5609375
1 0.83515625 0.86015625 0.3296875 0.16796875
1 0.975 0.97265625 0.05 0.0546875
1 0.68828125 0.9734375 0.171875 0.053125
0 0.809375 0.925 0.0125 0.0140625
1 0.11171875 0.2671875 0.0890625 0.1078125
1 0.2640625 0.55078125 0.115625 0.33203125
0 0.175 0.30546875 0.015625 0.0171875
0 0.49609375 0.7359375 0.0171875 0.015625
0 0.228125 0.54609375 0.015625 0.0171875
0 0.62890625 0.07890625 0.0171875 0.0375
0 0.81953125 0.1015625 0.0578125 0.021875
0 0.9234375 0.5578125 0.028125 0.02734375
0 0.89765625 0.6453125 0.0203125 0.0234375