1 0.53046875 0.1171875 0.9390625 0.234375
1 0.03046875 0.04765625 0.0609375 0.0953125
1 0.64921875 0.4859375 0.7015625 0.50390625
1 0.85625 0.8375 0.2875 0.203125
1 0.97578125 0.96953125 0.0484375 0.0609375
1 0.7484375 0.9703125 0.159375 0.05859375
1 0.64609375 0.9765625 0.025 0.02734375
1 0.6078125 0.98984375 0.028125 0.0203125
1 0.37734375 0.78515625 0.1078125 0.0953125
1 0.25 0.57421875 0.09375 0.30625
1 0.11875 0.27265625 0.075 0.0765625
0 0.17421875 0.309375 0.0140625 0.015625
0 0.9203125 0.5578125 0.025 0.01953125
0 0.22890625 0.5453125 0.0125 0.0140625
0 0.821875 0.09453125 0.05625 0.021875