1 0.5328125 0.15703125 0.934375 0.3109375
1 0.803125 0.65703125 0.39375 0.6859375
1 0.5015625 0.6 0.2078125 0.571875
1 0.540625 0.915625 0.1359375 0.0609375
1 0.365625 0.36640625 0.0671875 0.1078125
1 0.3078125 0.5890625 0.1765625 0.3375
1 0.37421875 0.8390625 0.046875 0.0953125
1 0.19140625 0.7203125 0.05625 0.0703125
1 0.18671875 0.59296875 0.04375 0.0375
0 0.2328125 0.54296875 0.0125 0.01953125
0 0.3296875 0.740625 0.0140625 0.0171875
0 0.496875 0.7453125 0.015625 0.021875
0 0.9359375 0.5703125 0.0296875 0.0171875
0 0.89140625 0.51484375 0.015625 0.0328125
0 0.8328125 0.11015625 0.0515625 0.01953125
0 0.6359375 0.0765625 0.0265625 0.0390625
0 0.17890625 0.303125 0.0171875 0.01953125