1 0.5359375 0.14453125 0.928125 0.2875
0 0.825 0.1046875 0.0578125 0.01953125
0 0.17421875 0.3078125 0.0140625 0.01953125
0 0.39765625 0.3828125 0.0078125 0.015625
0 0.93359375 0.56875 0.0296875 0.025
0 0.496875 0.7390625 0.0125 0.015625
0 0.40625 0.74609375 0.0171875 0.015625
0 0.91953125 0.3796875 0.0125 0.03515625
1 0.7984375 0.6421875 0.403125 0.71484375
1 0.45859375 0.5875 0.28125 0.60546875
1 0.26640625 0.6671875 0.10625 0.33984375
1 0.30546875 0.44609375 0.028125 0.05859375
1 0.2296875 0.44609375 0.0453125 0.03515625
1 0.19609375 0.75859375 0.0328125 0.109375
1 0.18671875 0.5859375 0.04375 0.0453125