1 0.18046875 0.1546875 0.18125 0.30859375
1 0.6453125 0.14453125 0.709375 0.2890625
1 0.69296875 0.6453125 0.6140625 0.709375
1 0.27109375 0.484375 0.225 0.31640625
1 0.35546875 0.70234375 0.05625 0.1234375
0 0.190625 0.2890625 0.015625 0.015625
0 0.12890625 0.2890625 0.0203125 0.021875
0 0.503125 0.746875 0.015625 0.021875
0 0.81328125 0.95234375 0.0140625 0.015625
0 0.26953125 0.6328125 0.015625 0.0171875
0 0.23671875 0.53125 0.0125 0.01171875
0 0.6578125 0.075 0.025 0.04296875
0 0.853125 0.11875 0.05625 0.021875
0 0.8609375 0.07734375 0.028125 0.03125