0 0.6453125 0.078125 0.0203125 0.0296875
0 0.83828125 0.125 0.065625 0.0546875
0 0.1828125 0.3 0.0140625 0.015625
0 0.26484375 0.6453125 0.015625 0.01953125
0 0.23046875 0.53984375 0.015625 0.0171875
0 0.1234375 0.3015625 0.015625 0.0171875
0 0.925 0.3953125 0.021875 0.0296875
1 0.87265625 0.5 0.2546875 1
1 0.6703125 0.903125 0.1546875 0.19375
1 0.55 0.3796875 0.39375 0.759375
1 0.471875 0.8171875 0.159375 0.11328125
1 0.5609375 0.9609375 0.0640625 0.0640625
1 0.2140625 0.16328125 0.275 0.3265625
1 0.30234375 0.5390625 0.103125 0.43125
1 0.2234375 0.5296875 0.059375 0.28125
1 0.17578125 0.55078125 0.0375 0.04296875