0 0.840625 0.125 0.065625 0.0609375
0 0.646875 0.08125 0.021875 0.03125
0 0.184375 0.2984375 0.0171875 0.021875
0 0.26640625 0.64375 0.015625 0.021875
0 0.32890625 0.73515625 0.021875 0.01953125
0 0.23359375 0.5390625 0.0171875 0.021875
0 0.92265625 0.39375 0.0203125 0.025
0 0.93203125 0.575 0.028125 0.02734375
1 0.86640625 0.49375 0.2671875 0.9875
1 0.6765625 0.89375 0.1171875 0.2125
1 0.534375 0.37109375 0.3953125 0.7421875
1 0.4765625 0.8046875 0.1734375 0.125
1 0.21328125 0.15703125 0.246875 0.3140625
1 0.2609375 0.52421875 0.15 0.3109375
1 0.30390625 0.33984375 0.0640625 0.0546875