0 0.646875 0.07890625 0.025 0.0328125
0 0.26640625 0.6390625 0.015625 0.0171875
0 0.234375 0.5359375 0.0140625 0.0171875
0 0.18515625 0.2984375 0.0125 0.0171875
0 0.12734375 0.29609375 0.015625 0.0171875
0 0.8453125 0.10625 0.0578125 0.09765625
0 0.88359375 0.115625 0.0171875 0.0171875
0 0.49765625 0.7421875 0.0140625 0.01953125
1 0.53671875 0.1671875 0.9265625 0.334375
1 0.615625 0.5203125 0.7671875 0.3765625
1 0.71796875 0.85546875 0.275 0.2890625
1 0.928125 0.828125 0.14375 0.240625
1 0.96484375 0.97265625 0.0703125 0.05078125
1 0.2171875 0.540625 0.03125 0.228125
1 0.184375 0.53515625 0.0359375 0.053125
1 0.428125 0.77734375 0.0953125 0.140625
1 0.5546875 0.73359375 0.05625 0.0453125
1 0.5265625 0.884375 0.1046875 0.1578125