1 0.53203125 0.121875 0.9359375 0.24375
1 0.621875 0.41796875 0.75625 0.3453125
1 0.89921875 0.7609375 0.2015625 0.3375
1 0.80390625 0.9640625 0.221875 0.071875
1 0.74921875 0.85546875 0.09375 0.1390625
0 0.8390625 0.90625 0.0109375 0.015625
0 0.940625 0.48125 0.0359375 0.02734375
1 0.03359375 0.2 0.0625 0.1890625
1 0.0984375 0.2703125 0.0625 0.05078125
0 0.08828125 0.28046875 0.01875 0.0171875
1 0.1703125 0.5484375 0.146875 0.38671875
1 0.4203125 0.7671875 0.3515625 0.3578125
0 0.1640625 0.540625 0.0171875 0.015625
0 0.20859375 0.65 0.0140625 0.0171875