1 0.5375 0.16328125 0.925 0.32421875
0 0.1796875 0.30625 0.015625 0.021875
0 0.1140625 0.3015625 0.01875 0.021875
0 0.64140625 0.07734375 0.0234375 0.0328125
0 0.83515625 0.10625 0.065625 0.025
0 0.496875 0.74375 0.01875 0.025
0 0.2625 0.64453125 0.0140625 0.015625
0 0.3265625 0.7375 0.0265625 0.01171875
0 0.9390625 0.5734375 0.0234375 0.015625
0 0.92421875 0.37890625 0.0140625 0.0390625
1 0.53359375 0.63203125 0.478125 0.61328125
1 0.88671875 0.5171875 0.2265625 0.37890625
1 0.72734375 0.96875 0.15 0.0625
1 0.90078125 0.85234375 0.1984375 0.2953125
1 0.2546875 0.4421875 0.0765625 0.0484375
1 0.25 0.59296875 0.0875 0.2171875
1 0.18203125 0.59765625 0.04375 0.0390625
1 0.18515625 0.7203125 0.059375 0.053125