1 0.803125 0.5 0.39375 1
0 0.17734375 0.3046875 0.0140625 0.0171875
0 0.82890625 0.103125 0.0546875 0.02734375
0 0.396875 0.3828125 0.0109375 0.0171875
0 0.93515625 0.565625 0.0359375 0.01953125
0 0.89140625 0.5109375 0.0109375 0.0296875
1 0.4875 0.44140625 0.2359375 0.8828125
1 0.21875 0.08203125 0.2984375 0.1640625
1 0.33125 0.221875 0.075 0.11875
1 0.12578125 0.24296875 0.1203125 0.16015625
1 0.24609375 0.44609375 0.046875 0.0453125
1 0.33359375 0.5921875 0.071875 0.35546875
1 0.24453125 0.628125 0.1078125 0.27734375
0 0.22890625 0.54609375 0.0109375 0.015625
0 0.26328125 0.6453125 0.015625 0.009375