0 0.175 0.309375 0.015625 0.01953125
0 0.22890625 0.546875 0.0125 0.0140625
0 0.925 0.559375 0.021875 0.0171875
0 0.815625 0.0953125 0.05625 0.021875
1 0.540625 0.08671875 0.91875 0.16796875
1 0.12265625 0.24921875 0.096875 0.1578125
1 0.6453125 0.446875 0.709375 0.5546875
1 0.86796875 0.8390625 0.2640625 0.228125
1 0.978125 0.9765625 0.0421875 0.046875
1 0.73984375 0.9765625 0.175 0.046875
1 0.38046875 0.796875 0.1234375 0.14453125
1 0.2390625 0.55859375 0.1 0.28515625
1 0.54375 0.734375 0.021875 0.0234375