0 0.18046875 0.30546875 0.015625 0.015625
0 0.11640625 0.3015625 0.015625 0.0171875
0 0.40078125 0.740625 0.0140625 0.0171875
0 0.32421875 0.73828125 0.025 0.021875
0 0.64140625 0.084375 0.0234375 0.01953125
0 0.8328125 0.1140625 0.0453125 0.021875
0 0.921875 0.3890625 0.021875 0.025
0 0.91328125 0.43359375 0.0171875 0.01953125
0 0.93203125 0.57421875 0.025 0.0234375
1 0.53828125 0.159375 0.9234375 0.31875
1 0.64140625 0.5390625 0.7171875 0.4453125
1 0.55 0.840625 0.384375 0.16015625
1 0.89609375 0.8796875 0.2078125 0.240625
1 0.76796875 0.95078125 0.0484375 0.0984375
1 0.71484375 0.971875 0.0609375 0.05625
1 0.2453125 0.5765625 0.071875 0.328125
1 0.17890625 0.59453125 0.05 0.0390625
1 0.1859375 0.7109375 0.04375 0.0375