0 0.65546875 0.07890625 0.0203125 0.03125
0 0.84609375 0.11796875 0.0515625 0.021875
0 0.88125 0.13125 0.0171875 0.0171875
0 0.50078125 0.74140625 0.0171875 0.0171875
0 0.26875 0.63671875 0.0125 0.021875
0 0.23515625 0.5328125 0.015625 0.0171875
0 0.1890625 0.28984375 0.0171875 0.0171875
0 0.12421875 0.290625 0.0203125 0.0171875
1 0.18046875 0.15703125 0.221875 0.3140625
1 0.4421875 0.459375 0.2328125 0.9078125
1 0.31015625 0.14765625 0.0265625 0.04296875
1 0.62734375 0.075 0.1078125 0.15
1 0.875 0.4578125 0.25 0.915625
0 0.940625 0.5796875 0.0375 0.0234375
1 0.65390625 0.5328125 0.1921875 0.7640625
0 0.81015625 0.94921875 0.0109375 0.015625
1 0.28671875 0.48359375 0.08125 0.33203125
1 0.20390625 0.53828125 0.084375 0.2015625
1 0.74140625 0.95859375 0.2015625 0.0828125
1 0.8828125 0.96171875 0.0578125 0.0625
1 0.95703125 0.95859375 0.0828125 0.0828125
1 0.7265625 0.1328125 0.0484375 0.0375