0 0.965625 0.21171875 0.0484375 0.025
1 0.08359375 0.5 0.1671875 1
1 0.17734375 0.55 0.01875 0.05625
1 0.58359375 0.2640625 0.8328125 0.52734375
1 0.50234375 0.76328125 0.4421875 0.4734375
1 0.22421875 0.8078125 0.1140625 0.384375
1 0.921875 0.76484375 0.15625 0.4703125
1 0.78359375 0.640625 0.1203125 0.22265625
1 0.78359375 0.92734375 0.1203125 0.1453125
1 0.82265625 0.7578125 0.0390625 0.009375
1 0.734375 0.790625 0.021875 0.078125
1 0.75703125 0.771875 0.021875 0.040625
1 0.83046875 0.775 0.025 0.025
1 0.7765625 0.75625 0.015625 0.009375
1 0.26484375 0.55625 0.03125 0.05625
1 0.234375 0.53828125 0.028125 0.01953125