1 0.01796875 0.5 0.0359375 1
1 0.0703125 0.53046875 0.06875 0.9375
1 0.16015625 0.57578125 0.1109375 0.8484375
1 0.17890625 0.1390625 0.0546875 0.03125
1 0.29921875 0.5796875 0.171875 0.83984375
1 0.5109375 0.140625 0.2578125 0.0328125
1 0.53828125 0.109375 0.2 0.02734375
1 0.6046875 0.0703125 0.1359375 0.046875
1 0.62421875 0.025 0.125 0.0453125
1 0.79296875 0.1375 0.153125 0.125
1 0.93359375 0.11640625 0.1328125 0.084375
1 0.9765625 0.2265625 0.046875 0.140625
1 0.53203125 0.57734375 0.153125 0.84375
1 0.58984375 0.65546875 0.409375 0.6875
1 0.8265625 0.3 0.346875 0.0953125
1 0.896875 0.559375 0.20625 0.4203125
1 0.8796875 0.95859375 0.16875 0.0828125