0 0.3375 0.87578125 0.1421875 0.13125
0 0.29921875 0.6890625 0.0375 0.109375
0 0.10390625 0.8515625 0.0609375 0.0484375
0 0.62109375 0.45703125 0.0390625 0.04296875
0 0.9171875 0.51640625 0.0359375 0.0453125
0 0.98671875 0.5375 0.0265625 0.0296875
0 0.96015625 0.584375 0.0296875 0.03125
1 0.5 0.1703125 1 0.3359375
1 0.21953125 0.66953125 0.4390625 0.6609375
1 0.58125 0.78984375 0.278125 0.4203125
1 0.74921875 0.4640625 0.5015625 0.25625
1 0.86171875 0.6765625 0.2765625 0.16796875
1 0.959375 0.88203125 0.08125 0.2359375
1 0.82578125 0.8546875 0.01875 0.03125