0 0.33671875 0.91484375 0.0765625 0.0859375
0 0.29765625 0.7046875 0.0265625 0.084375
0 0.2890625 0.8421875 0.0328125 0.046875
0 0.06796875 0.9015625 0.028125 0.03515625
0 0.9265625 0.53203125 0.009375 0.015625
0 0.97109375 0.5984375 0.009375 0.0140625
0 0.9953125 0.5484375 0.009375 0.021875
1 0.5 0.1078125 1 0.21484375
1 0.16484375 0.609375 0.3296875 0.78125
1 0.3828125 0.2890625 0.1078125 0.14453125
1 0.453125 0.7703125 0.259375 0.459375
1 0.6265625 0.60703125 0.19375 0.7859375
1 0.85546875 0.50078125 0.2890625 0.56640625