0 0.63046875 0.7359375 0.075 0.06640625
0 0.85859375 0.7671875 0.0890625 0.0609375
0 0.74140625 0.971875 0.028125 0.0546875
1 0.05859375 0.31171875 0.1171875 0.2890625
1 0.28671875 0.315625 0.3296875 0.2265625
1 0.4125 0.5171875 0.2296875 0.1796875
1 0.0828125 0.728125 0.1609375 0.540625
1 0.2546875 0.79375 0.18125 0.4125
1 0.5078125 0.6875 0.171875 0.165625
1 0.7 0.92265625 0.6 0.1546875
1 0.6796875 0.80546875 0.26875 0.07421875
1 0.7859375 0.36328125 0.428125 0.09765625
1 0.675 0.5328125 0.2109375 0.2109375
1 0.9453125 0.6421875 0.109375 0.40234375
1 0.8234375 0.6421875 0.1171875 0.1890625