0 0.33359375 0.9140625 0.0609375 0.0703125
0 0.29375 0.85 0.0265625 0.0375
0 0.2984375 0.7078125 0.021875 0.08203125
0 0.10390625 0.8734375 0.0171875 0.02734375
0 0.621875 0.48125 0.01875 0.03125
0 0.91640625 0.540625 0.0203125 0.03125
0 0.984375 0.5609375 0.0203125 0.025
1 0.1734375 0.50078125 0.3453125 0.9984375
1 0.671875 0.1515625 0.65625 0.303125
1 0.3921875 0.3953125 0.0921875 0.19140625
1 0.73515625 0.4421875 0.253125 0.28125
1 0.67265625 0.790625 0.6546875 0.41796875
1 0.934375 0.4453125 0.13125 0.28125