0 0.2375 0.315625 0.1765625 0.0875
0 0.146875 0.5390625 0.025 0.03125
0 0.3296875 0.58515625 0.046875 0.06640625
0 0.0765625 0.7796875 0.0234375 0.03125
0 0.42578125 0.775 0.015625 0.01953125
0 0.51640625 0.878125 0.0171875 0.01953125
0 0.0078125 0.03125 0.015625 0.0171875
1 0.2359375 0.0984375 0.471875 0.196875
1 0.16953125 0.309375 0.3390625 0.225
1 0.1203125 0.7109375 0.240625 0.578125
1 0.48671875 0.4796875 0.1921875 0.25625
1 0.39609375 0.71875 0.303125 0.2203125
1 0.44609375 0.9140625 0.4078125 0.171875