0 0.0359375 0.425 0.071875 0.0640625
1 0.178125 0.5 0.35625 1
1 0.48203125 0.3328125 0.2515625 0.665625
1 0.93515625 0.68359375 0.1296875 0.2265625
1 0.80390625 0.13984375 0.3921875 0.2796875
1 0.65703125 0.66953125 0.0953125 0.6609375
1 0.73359375 0.69921875 0.05625 0.4140625
1 0.77734375 0.71171875 0.03125 0.1890625
1 0.37734375 0.6984375 0.0296875 0.0625
1 0.4109375 0.6828125 0.0375 0.03125
1 0.4984375 0.68359375 0.0203125 0.0328125
1 0.578125 0.6953125 0.0625 0.05625
1 0.6015625 0.746875 0.015625 0.0484375