0 0.0078125 0.6703125 0.015625 0.0328125
0 0.32734375 0.3125 0.0375 0.0796875
0 0.39296875 0.4203125 0.0734375 0.05859375
0 0.58671875 0.3109375 0.028125 0.053125
0 0.46015625 0.1609375 0.04375 0.04296875
0 0.6921875 0.4515625 0.028125 0.0296875
0 0.74453125 0.48046875 0.028125 0.0484375
0 0.89609375 0.8 0.0171875 0.02734375
1 0.06484375 0.21796875 0.1296875 0.4359375
1 0.584375 0.2125 0.83125 0.425
1 0.03515625 0.553125 0.0703125 0.0953125
1 0.0125 0.740625 0.025 0.0859375
1 0.13671875 0.9390625 0.2734375 0.12109375
1 0.29296875 0.6171875 0.1078125 0.18359375
1 0.4484375 0.7546875 0.11875 0.22265625
1 0.64453125 0.7125 0.3265625 0.57421875
1 0.90078125 0.55546875 0.1984375 0.2671875
1 0.8609375 0.80625 0.0515625 0.040625