0 0.28203125 0.01875 0.021875 0.0234375
0 0.37578125 0.08515625 0.0515625 0.053125
0 0.7484375 0.11875 0.021875 0.03125
0 0.8171875 0.19140625 0.0453125 0.05078125
1 0.1046875 0.290625 0.209375 0.3984375
1 0.14140625 0.79765625 0.2828125 0.4046875
1 0.27890625 0.44140625 0.046875 0.08203125
1 0.415625 0.46171875 0.0546875 0.053125
1 0.37109375 0.6546875 0.1375 0.1
1 0.34453125 0.8875 0.046875 0.0765625
1 0.6890625 0.215625 0.428125 0.43125
1 0.85546875 0.5 0.2890625 0.43359375
1 0.825 0.87265625 0.35 0.2546875
0 0.99296875 0.5890625 0.0140625 0.021875
1 0.58359375 0.5109375 0.0390625 0.0453125
1 0.63671875 0.4390625 0.10625 0.04296875
1 0.371875 0.0296875 0.053125 0.05859375