0 0.0109375 0.47734375 0.021875 0.0328125
0 0.32421875 0.1125 0.04375 0.09375
0 0.384375 0.228125 0.0640625 0.05625
0 0.5921875 0.0953125 0.034375 0.0640625
0 0.7 0.2671875 0.0203125 0.0234375
0 0.696875 0.234375 0.0125 0.0140625
0 0.7453125 0.28828125 0.0296875 0.05078125
0 0.8875 0.5984375 0.015625 0.0171875
1 0.1515625 0.828125 0.2984375 0.34375
1 0.30234375 0.4359375 0.1328125 0.1421875
1 0.46484375 0.534375 0.109375 0.209375
1 0.034375 0.08671875 0.06875 0.134375
1 0.021875 0.521875 0.04375 0.1546875
1 0.034375 0.3421875 0.06875 0.1171875
1 0.62578125 0.13125 0.7484375 0.259375
1 0.7390625 0.3875 0.521875 0.2640625
1 0.70859375 0.759375 0.1859375 0.48046875
1 0.85859375 0.62890625 0.0453125 0.046875