1 0.10234375 0.85859375 0.2046875 0.2828125
1 0.090625 0.25625 0.18125 0.51171875
1 0.765625 0.30546875 0.465625 0.6109375
1 0.8609375 0.9234375 0.278125 0.15234375
1 0.3203125 0.71484375 0.2609375 0.15625
1 0.3234375 0.940625 0.0578125 0.07421875
1 0.4015625 0.44375 0.059375 0.06875
1 0.2296875 0.41484375 0.09375 0.109375
0 0.28515625 0.0640625 0.021875 0.0171875
0 0.340625 0.0109375 0.0265625 0.021875
0 0.40546875 0.62890625 0.0109375 0.015625
0 0.4453125 0.6109375 0.0140625 0.015625
0 0.79453125 0.03828125 0.0203125 0.03125
0 0.565625 0.10859375 0.0375 0.03515625
0 0.87109375 0.1109375 0.034375 0.046875