0 0.440625 0.6109375 0.0109375 0.0140625
0 0.58125 0.06953125 0.01875 0.02734375
0 0.81015625 0.0078125 0.0203125 0.015625
0 0.88828125 0.084375 0.0421875 0.05078125
1 0.08515625 0.2390625 0.1703125 0.478125
1 0.1234375 0.78125 0.246875 0.4375
1 0.32109375 0.7265625 0.271875 0.165625
1 0.4109375 0.43359375 0.05 0.05859375
1 0.59375 0.4671875 0.053125 0.0953125
1 0.62421875 0.21171875 0.259375 0.4203125
1 0.8765625 0.17578125 0.246875 0.3515625
1 0.8921875 0.48515625 0.215625 0.228125
1 0.86171875 0.93046875 0.2765625 0.1390625