0 0.00859375 0.48046875 0.0171875 0.02734375
0 0.32109375 0.115625 0.0390625 0.109375
0 0.3921875 0.228125 0.08125 0.0765625
0 0.590625 0.1046875 0.0265625 0.05078125
0 0.69765625 0.25625 0.0234375 0.04296875
0 0.74375 0.29296875 0.0375 0.046875
0 0.8890625 0.603125 0.0109375 0.015625
1 0.05390625 0.06953125 0.1078125 0.1390625
1 0.08515625 0.7390625 0.1703125 0.509375
1 0.24375 0.784375 0.15625 0.1890625
1 0.3234375 0.4640625 0.0984375 0.109375
1 0.47265625 0.5578125 0.103125 0.2046875
1 0.29140625 0.0578125 0.0828125 0.115625
1 0.39453125 0.17109375 0.0703125 0.1328125
1 0.71328125 0.159375 0.5734375 0.31875
1 0.753125 0.4515625 0.49375 0.2734375
1 0.73671875 0.79453125 0.2265625 0.4109375