0 0.0078125 0.48359375 0.015625 0.03125
0 0.325 0.115625 0.0296875 0.0875
0 0.38828125 0.23125 0.075 0.06640625
0 0.5921875 0.1109375 0.0203125 0.0375
0 0.69921875 0.2671875 0.0203125 0.0234375
0 0.746875 0.29296875 0.03125 0.04296875
0 0.8890625 0.6046875 0.0109375 0.01953125
1 0.0609375 0.07890625 0.121875 0.15625
1 0.30625 0.06875 0.0765625 0.134375
1 0.38984375 0.18125 0.0859375 0.140625
1 0.02109375 0.553125 0.0421875 0.0765625
1 0.153125 0.80390625 0.30625 0.3515625
1 0.3921875 0.53203125 0.25 0.25625
1 0.7125 0.1703125 0.575 0.33984375
1 0.709375 0.48359375 0.3703125 0.2890625
1 0.71484375 0.81171875 0.2109375 0.3765625
1 0.94765625 0.47734375 0.0796875 0.08984375
1 0.1546875 0.32734375 0.05625 0.0453125