0 0.00625 0.4953125 0.0125 0.025
0 0.32734375 0.13359375 0.0375 0.09765625
0 0.3890625 0.2359375 0.075 0.06875
0 0.69765625 0.275 0.0203125 0.0171875
0 0.58828125 0.11640625 0.0234375 0.04296875
0 0.74921875 0.2953125 0.0234375 0.0375
0 0.88671875 0.61328125 0.0140625 0.0171875
1 0.053125 0.0953125 0.10625 0.190625
1 0.30546875 0.07109375 0.078125 0.1109375
1 0.6921875 0.16875 0.615625 0.3375
1 0.7359375 0.50625 0.44375 0.3359375
1 0.0328125 0.36796875 0.065625 0.08984375
1 0.2859375 0.46875 0.1375 0.125
1 0.14765625 0.821875 0.29375 0.35546875
1 0.74609375 0.8375 0.2390625 0.32421875
1 0.42890625 0.584375 0.153125 0.18359375