0 0.32421875 0.12421875 0.0390625 0.09375
0 0.39140625 0.2328125 0.0671875 0.05625
0 0.590625 0.11796875 0.021875 0.0453125
0 0.7015625 0.271875 0.0171875 0.01953125
0 0.74765625 0.2953125 0.0203125 0.040625
0 0.88828125 0.6109375 0.0125 0.015625
0 0.00625 0.48828125 0.0125 0.02734375
1 0.0484375 0.0796875 0.096875 0.159375
1 0.30625 0.0765625 0.075 0.125
1 0.15703125 0.778125 0.3140625 0.44375
1 0.30234375 0.4671875 0.1109375 0.115625
1 0.4609375 0.571875 0.1109375 0.203125
1 0.7078125 0.1640625 0.584375 0.328125
1 0.74375 0.4546875 0.4203125 0.2578125
1 0.7375 0.7921875 0.203125 0.415625