0 0.6578125 0.0328125 0.05625 0.065625
0 0.71875 0.134375 0.0296875 0.0328125
0 0.9484375 0.15546875 0.053125 0.05078125
0 0.89453125 0.2453125 0.096875 0.13125
1 0.11953125 0.78515625 0.2390625 0.42578125
1 0.02578125 0.44375 0.0515625 0.05625
1 0.3125 0.4296875 0.059375 0.0875
1 0.2875 0.225 0.10625 0.13671875
1 0.7453125 0.05625 0.509375 0.1125
1 0.7234375 0.33515625 0.09375 0.0921875
1 0.43046875 0.8421875 0.125 0.2109375
1 0.69453125 0.509375 0.1328125 0.1390625
1 0.83203125 0.96171875 0.3359375 0.0765625