0 0.10390625 0.74375 0.0578125 0.10546875
0 0.2390625 0.8109375 0.046875 0.0640625
0 0.18359375 0.909375 0.0171875 0.01953125
0 0.4671875 0.575 0.0265625 0.071875
0 0.65 0.69140625 0.0203125 0.0328125
0 0.73984375 0.72578125 0.01875 0.06640625
0 0.27421875 0.45625 0.0359375 0.03125
0 0.96796875 0.12109375 0.0421875 0.025
1 0.16875 0.3859375 0.3375 0.771875
0 0.46015625 0.828125 0.03125 0.03515625
0 0.7125 0.2125 0.0140625 0.0140625
1 0.68671875 0.14453125 0.6265625 0.2890625
1 0.478125 0.68046875 0.4015625 0.4765625
1 0.37421875 0.3421875 0.1015625 0.203125
1 0.4625 0.95234375 0.109375 0.0953125
1 0.72421875 0.884375 0.1015625 0.09765625
1 0.71953125 0.7375 0.1078125 0.11328125
1 0.903125 0.45 0.19375 0.31640625