0 0.3328125 0.440625 0.04375 0.0875
0 0.39921875 0.534375 0.0546875 0.053125
0 0.5875 0.4265625 0.028125 0.0546875
0 0.69765625 0.5734375 0.025 0.025
0 0.7421875 0.60546875 0.0328125 0.05078125
0 0.90390625 0.93046875 0.015625 0.0234375
1 0.5 0.15625 1 0.3125
1 0.05078125 0.45625 0.1015625 0.209375
1 0.159375 0.5015625 0.0640625 0.0484375
1 0.60625 0.471875 0.7875 0.32421875
1 0.0359375 0.6765625 0.0703125 0.1109375
1 0.2875 0.7484375 0.1265625 0.165625
1 0.4328125 0.85234375 0.090625 0.2953125
1 0.62734375 0.815625 0.2765625 0.36875
1 0.8828125 0.7328125 0.234375 0.19921875