0 0.0140625 0.471875 0.028125 0.0375
0 0.32734375 0.11015625 0.04375 0.0953125
0 0.38671875 0.225 0.0734375 0.0609375
0 0.59375 0.09453125 0.028125 0.053125
0 0.7015625 0.25859375 0.0265625 0.0296875
0 0.75078125 0.28203125 0.03125 0.0546875
0 0.8859375 0.5953125 0.025 0.0234375
1 0.04375 0.07890625 0.0875 0.14453125
1 0.04375 0.3515625 0.0859375 0.11328125
1 0.0234375 0.5515625 0.046875 0.0703125
1 0.1546875 0.803125 0.309375 0.384375
1 0.31015625 0.434375 0.1109375 0.1328125
1 0.4734375 0.55546875 0.1109375 0.2265625
1 0.634375 0.14140625 0.73125 0.2828125
1 0.72421875 0.3953125 0.5515625 0.2359375
1 0.41640625 0.78515625 0.0578125 0.05859375
1 0.6796875 0.7546875 0.26875 0.490625