0 0.00546875 0.490625 0.0109375 0.03125
0 0.32109375 0.1265625 0.03125 0.09765625
0 0.3859375 0.240625 0.071875 0.0625
0 0.5921875 0.1078125 0.0203125 0.0546875
0 0.6984375 0.27421875 0.0203125 0.0171875
0 0.74921875 0.2984375 0.0234375 0.0453125
0 0.8890625 0.6109375 0.0140625 0.01953125
1 0.0859375 0.2125 0.16875 0.425
1 0.63671875 0.103125 0.7265625 0.20625
1 0.75546875 0.353125 0.4890625 0.2890625
1 0.7484375 0.596875 0.371875 0.19921875
1 0.74765625 0.84921875 0.2390625 0.3015625
1 0.1453125 0.76484375 0.290625 0.46875
1 0.28359375 0.4765625 0.0953125 0.07421875
1 0.4375 0.62109375 0.159375 0.15
1 0.44609375 0.509375 0.034375 0.046875
1 0.346875 0.79765625 0.115625 0.08203125
1 0.9765625 0.6484375 0.046875 0.08203125