1 0.13515625 0.8390625 0.2703125 0.321875
1 0.11171875 0.25078125 0.2234375 0.5015625
1 0.2953125 0.4421875 0.0546875 0.0859375
1 0.40625 0.63125 0.1171875 0.11875
1 0.35703125 0.83515625 0.0640625 0.05859375
0 0.3015625 0.053125 0.0375 0.0796875
0 0.38359375 0.1578125 0.059375 0.0546875
0 0.3375 0.196875 0.0140625 0.015625
0 0.6 0.025 0.0296875 0.0390625
0 0.77734375 0.2359375 0.03125 0.046875
1 0.28828125 0.0296875 0.1109375 0.05859375
1 0.68828125 0.08984375 0.6234375 0.1796875
1 0.7484375 0.259375 0.503125 0.17578125
1 0.79375 0.44375 0.4125 0.19921875
0 0.93515625 0.58984375 0.015625 0.015625
1 0.8390625 0.62421875 0.321875 0.1734375
1 0.83359375 0.85703125 0.3328125 0.2859375
1 0.665625 0.7421875 0.084375 0.15625