0 0.01484375 0.55 0.028125 0.0296875
0 0.33046875 0.19609375 0.0328125 0.08984375
0 0.39140625 0.303125 0.0765625 0.0546875
0 0.6 0.1640625 0.0359375 0.08203125
0 0.696875 0.3203125 0.0203125 0.05078125
0 0.74453125 0.3609375 0.025 0.046875
0 0.8921875 0.6734375 0.0125 0.0171875
1 0.0265625 0.18671875 0.053125 0.115625
1 0.09921875 0.04296875 0.096875 0.0859375
1 0.6203125 0.1390625 0.759375 0.27734375
1 0.67890625 0.409375 0.640625 0.2796875
1 0.03125 0.4375 0.0625 0.0796875
1 0.07421875 0.853125 0.1484375 0.29296875
1 0.228125 0.865625 0.1578125 0.1640625
1 0.29921875 0.51640625 0.109375 0.134375
1 0.43671875 0.67109375 0.109375 0.1171875
1 0.4203125 0.87578125 0.053125 0.0546875
1 0.67734375 0.77265625 0.2734375 0.4546875