0 0.3234375 0.12421875 0.034375 0.09765625
0 0.39375 0.22578125 0.059375 0.0546875
0 0.35859375 0.26171875 0.0125 0.015625
0 0.5953125 0.09375 0.03125 0.0640625
0 0.75 0.2984375 0.0265625 0.0390625
0 0.8953125 0.6140625 0.0125 0.0171875
1 0.15390625 0.8203125 0.3078125 0.359375
1 0.43125 0.6265625 0.140625 0.11328125
1 0.2921875 0.48046875 0.103125 0.0765625
1 0.4390625 0.515625 0.046875 0.04296875
1 0.08984375 0.10546875 0.178125 0.209375
1 0.32265625 0.0875 0.1328125 0.175
1 0.09375 0.3828125 0.1875 0.1859375
1 0.696875 0.1484375 0.60625 0.296875
1 0.77734375 0.4375 0.4453125 0.2828125
1 0.7796875 0.78984375 0.31875 0.4203125