0 0.321875 0.1265625 0.0328125 0.0859375
0 0.39765625 0.22734375 0.0609375 0.0546875
0 0.3578125 0.26484375 0.0109375 0.0140625
0 0.58828125 0.1109375 0.025 0.040625
0 0.6046875 0.0765625 0.0125 0.03125
0 0.75 0.3 0.0390625 0.04296875
0 0.89375 0.615625 0.0140625 0.015625
1 0.0796875 0.10078125 0.159375 0.2015625
1 0.08359375 0.3265625 0.1671875 0.196875
1 0.15625 0.828125 0.309375 0.34375
0 0.2515625 0.81875 0.00625 0.01171875
1 0.43203125 0.5953125 0.159375 0.17578125
1 0.27578125 0.4828125 0.0875 0.0796875
1 0.303125 0.06953125 0.06875 0.1171875
1 0.684375 0.14375 0.63125 0.2875
1 0.76953125 0.4203125 0.4609375 0.2734375
1 0.75703125 0.7765625 0.29375 0.4453125
1 0.95078125 0.6234375 0.0984375 0.140625
1 0.3625 0.8015625 0.0859375 0.0703125