0 0.290625 0.02421875 0.03125 0.0484375
0 0.3765625 0.115625 0.0453125 0.053125
0 0.325 0.1625 0.0140625 0.01953125
0 0.73828125 0.134375 0.01875 0.025
0 0.79765625 0.20625 0.034375 0.040625
0 0.97265625 0.5921875 0.0203125 0.01953125
1 0.0953125 0.240625 0.184375 0.48046875
1 0.28828125 0.434375 0.05625 0.10546875
1 0.4171875 0.459375 0.065625 0.0484375
1 0.578125 0.5109375 0.034375 0.05859375
1 0.37734375 0.65 0.109375 0.06875
1 0.13046875 0.79375 0.2609375 0.4125
1 0.82109375 0.85078125 0.3578125 0.2984375
1 0.64453125 0.228125 0.3921875 0.45625
1 0.84375 0.32890625 0.3125 0.6578125