0 0.33046875 0.56640625 0.0375 0.0921875
0 0.39921875 0.6609375 0.0625 0.05625
0 0.58125 0.553125 0.0421875 0.06875
0 0.7 0.7046875 0.028125 0.01953125
0 0.7484375 0.73359375 0.0296875 0.05625
1 0.2859375 0.23828125 0.565625 0.4765625
0 0.47421875 0.41015625 0.0171875 0.01953125
1 0.78359375 0.2390625 0.4328125 0.478125
1 0.04140625 0.6078125 0.0828125 0.1484375
1 0.03984375 0.8109375 0.078125 0.1078125
1 0.159375 0.628125 0.05625 0.06640625
1 0.271875 0.8625 0.1484375 0.2578125
1 0.4609375 0.62109375 0.4703125 0.2953125
1 0.5578125 0.88203125 0.2984375 0.2359375
1 0.8671875 0.68125 0.265625 0.40625