0 0.01015625 0.478125 0.0203125 0.0296875
0 0.32421875 0.1109375 0.0375 0.12109375
0 0.3890625 0.23046875 0.0703125 0.06640625
0 0.59375 0.10546875 0.025 0.05078125
0 0.7 0.2484375 0.028125 0.046875
0 0.7484375 0.28984375 0.0375 0.0546875
0 0.8875 0.603125 0.015625 0.01953125
1 0.03203125 0.10625 0.0640625 0.134375
1 0.30078125 0.0640625 0.0890625 0.128125
1 0.0203125 0.515625 0.040625 0.1421875
1 0.15546875 0.80546875 0.3109375 0.3375
1 0.30390625 0.4421875 0.1 0.13671875
1 0.46796875 0.56171875 0.0859375 0.2015625
1 0.6765625 0.12578125 0.646875 0.2515625
1 0.7421875 0.3953125 0.515625 0.28515625
1 0.71875 0.76640625 0.2265625 0.4671875
1 0.859375 0.63359375 0.0375 0.0390625