0 0.3171875 0.49609375 0.20625 0.23046875
0 0.10859375 0.6625 0.2171875 0.3140625
0 0.07421875 0.8390625 0.0390625 0.04296875
0 0.246875 0.696875 0.059375 0.1734375
0 0.0984375 0.425 0.196875 0.1578125
0 0.11796875 0.20390625 0.2046875 0.2484375
0 0.38359375 0.01484375 0.0796875 0.0296875
0 0.45390625 0.0390625 0.021875 0.03125
0 0.58984375 0.515625 0.25625 0.3109375
0 0.43828125 0.328125 0.06875 0.08984375
0 0.71796875 0.2265625 0.071875 0.0765625
0 0.8625 0.38359375 0.146875 0.2484375
0 0.99453125 0.28203125 0.0109375 0.046875
0 0.98359375 0.08515625 0.0265625 0.0328125
0 0.87890625 0.0109375 0.0140625 0.0140625
0 0.61328125 0.01875 0.021875 0.0171875
0 0.7046875 0.05 0.0546875 0.0296875
0 0.8890625 0.22734375 0.01875 0.01953125
0 0.996875 0.484375 0.00625 0.0171875
0 0.50703125 0.94453125 0.0125 0.0140625