0 0.115625 0.93515625 0.190625 0.1296875
0 0.21796875 0.959375 0.0078125 0.009375
0 0.2296875 0.9234375 0.00625 0.01171875
0 0.78984375 0.39765625 0.25 0.18125
0 0.9125 0.12578125 0.175 0.1640625
0 0.70234375 0.146875 0.24375 0.29296875
0 0.51640625 0.371875 0.1984375 0.1546875
0 0.4671875 0.18671875 0.075 0.0765625
0 0.06171875 0.0109375 0.0640625 0.021875
0 0.2703125 0.0703125 0.121875 0.140625
0 0.20078125 0.34296875 0.271875 0.2359375
0 0.29609375 0.53828125 0.15 0.15234375
0 0.36171875 0.3921875 0.0484375 0.0703125
0 0.396875 0.240625 0.04375 0.03125
0 0.23515625 0.1625 0.00625 0.0171875
0 0.24765625 0.175 0.0140625 0.015625
0 0.1234375 0.06171875 0.0125 0.0140625
0 0.14296875 0.48515625 0.021875 0.021875
0 0.1296875 0.7125 0.259375 0.1953125
0 0.46484375 0.73359375 0.4046875 0.23828125
0 0.45625 0.86640625 0.0171875 0.021875
0 0.70234375 0.87421875 0.040625 0.0375
0 0.9875 0.87578125 0.025 0.025
0 0.88046875 0.81640625 0.0140625 0.0171875
0 0.028125 0.2375 0.0140625 0.0171875