0 0.903125 0.95 0.084375 0.1
0 0.82734375 0.96875 0.065625 0.0625
0 0.76640625 0.98359375 0.0390625 0.0328125
0 0.98828125 0.83515625 0.0234375 0.05625
0 0.6375 0.9859375 0.0546875 0.02734375
0 0.46171875 0.98203125 0.0328125 0.0359375
0 0.6625 0.0453125 0.2953125 0.08984375
0 0.59765625 0.13125 0.1265625 0.0796875
0 0.6359375 0.24609375 0.1296875 0.1109375
0 0.628125 0.18046875 0.0140625 0.0140625
0 0.4828125 0.2265625 0.115625 0.11875
0 0.88359375 0.096875 0.1390625 0.1734375
0 0.796875 0.16015625 0.0390625 0.040625
0 0.871875 0.24609375 0.1109375 0.0875
0 0.95390625 0.25859375 0.034375 0.0390625
0 0.94140625 0.21171875 0.009375 0.0171875
0 0.9484375 0.4625 0.103125 0.265625
0 0.95 0.671875 0.1 0.146875
0 0.86171875 0.53125 0.065625 0.109375
0 0.45234375 0.08203125 0.0546875 0.07421875
0 0.4078125 0.1265625 0.0265625 0.021875
0 0.325 0.0109375 0.0328125 0.021875
0 0.10234375 0.171875 0.121875 0.259375
0 0.1703125 0.26953125 0.01875 0.040625
0 0.01328125 0.02421875 0.0265625 0.0484375
0 0.32109375 0.2015625 0.128125 0.203125
0 0.3765625 0.353125 0.08125 0.1
0 0.4046875 0.26875 0.034375 0.06640625
0 0.240625 0.1578125 0.0171875 0.07421875
0 0.21484375 0.1625 0.0234375 0.04296875
0 0.1703125 0.12421875 0.009375 0.015625
0 0.1890625 0.1453125 0.009375 0.015625
0 0.28203125 0.034375 0.0078125 0.015625
0 0.296875 0.05 0.0125 0.01171875
0 0.4171875 0.46484375 0.303125 0.1234375
0 0.21875 0.60546875 0.0921875 0.271875
0 0.1609375 0.67265625 0.0234375 0.0546875
0 0.1578125 0.5671875 0.0296875 0.0796875
0 0.2109375 0.4265625 0.0453125 0.04296875
0 0.253125 0.459375 0.025 0.01953125
0 0.33203125 0.6140625 0.0875 0.12109375
0 0.2921875 0.33125 0.0171875 0.01171875
0 0.53203125 0.39453125 0.0234375 0.01171875
0 0.34765625 0.7828125 0.140625 0.2109375
0 0.44765625 0.7390625 0.05625 0.0859375
0 0.47265625 0.66796875 0.0328125 0.040625
0 0.53828125 0.734375 0.1 0.13671875
0 0.5828125 0.6109375 0.025 0.03125
0 0.634375 0.64765625 0.040625 0.05078125
0 0.6390625 0.69140625 0.021875 0.03515625
0 0.7046875 0.53125 0.015625 0.0234375
0 0.771875 0.56171875 0.0671875 0.0703125
0 0.78359375 0.646875 0.1375 0.0765625
0 0.82890625 0.734375 0.0796875 0.0953125
0 0.80390625 0.803125 0.05625 0.0375
0 0.82734375 0.8625 0.0234375 0.03125
0 0.796875 0.878125 0.0140625 0.02734375
0 0.74765625 0.84375 0.0359375 0.0390625
0 0.73671875 0.7109375 0.05 0.040625
0 0.6578125 0.50078125 0.009375 0.0140625
0 0.659375 0.60625 0.0109375 0.009375
0 0.66875 0.67890625 0.01875 0.0375
0 0.70234375 0.61875 0.01875 0.03125
0 0.87421875 0.690625 0.0125 0.015625
0 0.41796875 0.97265625 0.009375 0.0171875