0 0.0328125 0.059375 0.065625 0.11875
0 0.08125 0.0890625 0.021875 0.046875
0 0.28828125 0.0609375 0.225 0.12109375
0 0.33984375 0.1890625 0.121875 0.134375
0 0.48046875 0.0484375 0.1421875 0.096875
0 0.678125 0.0625 0.184375 0.125
0 0.959375 0.07734375 0.08125 0.1
0 0.90546875 0.0609375 0.025 0.021875
0 0.9640625 0.42578125 0.071875 0.1578125
0 0.9265625 0.678125 0.115625 0.259375
0 0.99296875 0.6328125 0.0140625 0.0234375
0 0.9578125 0.9796875 0.084375 0.040625
0 0.91796875 0.8796875 0.0640625 0.0703125
0 0.99296875 0.9265625 0.0140625 0.015625
0 0.82890625 0.8390625 0.0484375 0.053125
0 0.8578125 0.4578125 0.0875 0.0875
0 0.82734375 0.5609375 0.08125 0.0875
0 0.815625 0.6609375 0.0578125 0.0796875
0 0.77265625 0.4171875 0.0234375 0.01953125
0 0.76484375 0.53515625 0.040625 0.04296875
0 0.7 0.60625 0.0953125 0.14453125
0 0.4828125 0.3328125 0.215625 0.18359375
0 0.27265625 0.33515625 0.203125 0.15
0 0.121875 0.27734375 0.0515625 0.06640625
0 0.2296875 0.15234375 0.01875 0.025
0 0.1625 0.3203125 0.009375 0.0171875
0 0.10078125 0.54609375 0.16875 0.27734375
0 0.10859375 0.37109375 0.08125 0.0703125
0 0.31953125 0.75703125 0.25625 0.303125
0 0.4640625 0.5859375 0.040625 0.040625
0 0.54609375 0.69921875 0.1953125 0.18125
0 0.61328125 0.51640625 0.034375 0.04296875
0 0.709375 0.375 0.0140625 0.0140625
0 0.92578125 0.5265625 0.009375 0.0140625
0 0.27421875 0.515625 0.1296875 0.16015625
0 0.60625 0.415625 0.0265625 0.02734375