0 0.978125 0.0796875 0.025 0.03125
0 0.9890625 0.27265625 0.021875 0.04296875
0 0.99140625 0.4796875 0.009375 0.015625
0 0.69453125 0.0453125 0.0359375 0.03125
0 0.86875 0.00625 0.0109375 0.01171875
0 0.5984375 0.015625 0.0203125 0.021875
0 0.43984375 0.028125 0.015625 0.0171875
0 0.36953125 0.0125 0.0875 0.025
0 0.05859375 0.00625 0.021875 0.01171875
0 0.0140625 0.00625 0.028125 0.01171875
0 0.85546875 0.37421875 0.1390625 0.24609375
0 0.709375 0.22734375 0.0640625 0.084375
0 0.42734375 0.3234375 0.08125 0.09375
0 0.575 0.5328125 0.271875 0.3265625
0 0.5578125 0.32109375 0.1375 0.1
0 0.10859375 0.20234375 0.20625 0.2421875
0 0.221875 0.11640625 0.0125 0.015625
0 0.13515625 0.00390625 0.015625 0.0078125
0 0.10546875 0.665625 0.209375 0.3140625
0 0.06875 0.84296875 0.04375 0.0453125
0 0.09296875 0.4265625 0.184375 0.1625
0 0.31171875 0.5 0.20625 0.2203125
0 0.24140625 0.6953125 0.0671875 0.1640625
0 0.50703125 0.94375 0.0125 0.0140625
0 0.88359375 0.21953125 0.0140625 0.0171875