0 0.64453125 0.9421875 0.203125 0.115625
0 0.80703125 0.9890625 0.0453125 0.021875
0 0.21171875 0.90625 0.1734375 0.1875
0 0.1125 0.8921875 0.025 0.02734375
0 0.32109375 0.96953125 0.040625 0.0453125
0 0.04375 0.81875 0.0875 0.12890625
0 0.0375 0.6421875 0.0609375 0.0796875
0 0.0234375 0.253125 0.046875 0.0859375
0 0.05390625 0.23359375 0.01875 0.021875
0 0.09609375 0.234375 0.0515625 0.046875
0 0.01484375 0.17890625 0.0296875 0.021875
0 0.07578125 0.15234375 0.0578125 0.09375
0 0.2765625 0.57109375 0.290625 0.446875
0 0.50859375 0.6171875 0.175 0.209375
0 0.7015625 0.675 0.1953125 0.396875
0 0.59609375 0.7609375 0.015625 0.03515625
0 0.57265625 0.82734375 0.05625 0.0921875
0 0.58125 0.775 0.015625 0.009375
0 0.51015625 0.815625 0.0640625 0.0375
0 0.4546875 0.80390625 0.025 0.025
0 0.8953125 0.54609375 0.1 0.0875
0 0.9125 0.6015625 0.0125 0.01171875
0 0.91484375 0.3984375 0.075 0.1421875
0 0.8921875 0.3203125 0.0109375 0.015625
0 0.9859375 0.19453125 0.028125 0.0453125
0 0.965625 0.09375 0.034375 0.03125
0 0.6140625 0.2390625 0.215625 0.12890625
0 0.77265625 0.26171875 0.025 0.025
0 0.79765625 0.3359375 0.05625 0.0640625
0 0.7546875 0.3265625 0.025 0.0296875
0 0.74609375 0.4328125 0.0546875 0.0453125
0 0.62734375 0.3875 0.0765625 0.0765625
0 0.55546875 0.37421875 0.0703125 0.03515625
0 0.51484375 0.1296875 0.0796875 0.09375
0 0.57265625 0.115625 0.0328125 0.02734375
0 0.6203125 0.096875 0.0484375 0.0484375
0 0.725 0.31875 0.0109375 0.01171875
0 0.45234375 0.0953125 0.0421875 0.05078125
0 0.4171875 0.10078125 0.0234375 0.0328125
0 0.4265625 0.19140625 0.028125 0.021875
0 0.37265625 0.2 0.0375 0.02734375
0 0.30546875 0.0328125 0.0828125 0.065625
0 0.29609375 0.1375 0.1078125 0.1078125
0 0.33828125 0.075 0.0140625 0.01953125
0 0.3578125 0.115625 0.0109375 0.015625
0 0.371875 0.146875 0.021875 0.0171875
0 0.14140625 0.0578125 0.0265625 0.01953125
0 0.18046875 0.03828125 0.028125 0.021875
0 0.21328125 0.0484375 0.0140625 0.02734375
0 0.1953125 0.15625 0.090625 0.14453125
0 0.1703125 0.28046875 0.0453125 0.0953125
0 0.0046875 0.009375 0.009375 0.0171875
0 0.04375 0.065625 0.0109375 0.015625
0 0.00546875 0.0546875 0.009375 0.01171875
0 0.13359375 0.2171875 0.0125 0.015625
0 0.32734375 0.31171875 0.0078125 0.01171875
0 0.8640625 0.28125 0.0109375 0.015625
0 0.51328125 0.95625 0.0125 0.0140625
0 0.27109375 0.27421875 0.0109375 0.015625
0 0.4484375 0.246875 0.009375 0.0171875
0 0.78828125 0.93125 0.009375 0.0140625
0 0.84453125 0.10078125 0.009375 0.015625