0 0.18984375 0.978125 0.0765625 0.04296875
0 0.02421875 0.7671875 0.0484375 0.18125
0 0.9703125 0.2671875 0.059375 0.1421875
0 0.97890625 0.00625 0.040625 0.01171875
0 0.8171875 0.6953125 0.365625 0.4359375
0 0.95 0.95625 0.1 0.0875
0 0.79140625 0.98125 0.1546875 0.0375
0 0.6625 0.240625 0.04375 0.04296875
0 0.41875 0.0515625 0.1078125 0.103125
0 0.46875 0.15 0.0703125 0.0703125
0 0.215625 0.6890625 0.215625 0.1390625
0 0.05546875 0.4828125 0.1109375 0.328125
0 0.15546875 0.4640625 0.0890625 0.22265625
0 0.25859375 0.3609375 0.1125 0.1171875
0 0.18046875 0.33515625 0.0421875 0.040625
0 0.2703125 0.246875 0.125 0.109375
0 0.33125 0.1359375 0.0359375 0.046875
0 0.48828125 0.37421875 0.296875 0.3109375
0 0.32578125 0.38359375 0.01875 0.015625
0 0.3359375 0.475 0.009375 0.0171875
0 0.3484375 0.634375 0.0125 0.01953125
0 0.49921875 0.9609375 0.0140625 0.021875
0 0.10078125 0.0625 0.2015625 0.125
0 0.20625 0.14921875 0.090625 0.05859375
0 0.2984375 0.0546875 0.0796875 0.05078125
0 0.240625 0.01484375 0.0296875 0.0296875
0 0.3078125 0.00625 0.0125 0.01171875
0 0.35546875 0.009375 0.0140625 0.01875
0 0.2390625 0.0734375 0.0125 0.015625
0 0.12421875 0.19609375 0.0296875 0.03515625
0 0.15546875 0.15703125 0.0078125 0.009375
0 0.31796875 0.4734375 0.009375 0.01171875
0 0.3953125 0.978125 0.0125 0.0140625
0 0.4828125 0.95625 0.009375 0.0140625
0 0.59609375 0.92890625 0.0765625 0.1421875
0 0.65390625 0.953125 0.04375 0.0640625
0 0.034375 0.2859375 0.06875 0.06640625
0 0.18203125 0.6109375 0.0328125 0.021875
0 0.78046875 0.95234375 0.028125 0.01953125
0 0.715625 0.93828125 0.015625 0.015625