0 0.2546875 0.9453125 0.1109375 0.109375
0 0.053125 0.55546875 0.103125 0.171875
0 0.3859375 0.68671875 0.4765625 0.38671875
0 0.43359375 0.4484375 0.196875 0.0921875
0 0.06484375 0.29609375 0.05 0.021875
0 0.8625 0.93828125 0.2 0.1234375
0 0.68671875 0.8671875 0.0171875 0.021875
0 0.99609375 0.8078125 0.0078125 0.0171875
0 0.96171875 0.50859375 0.0765625 0.125
0 0.77109375 0.496875 0.1390625 0.1734375
0 0.9328125 0.26953125 0.059375 0.0546875
0 0.99609375 0.359375 0.0078125 0.0296875
0 0.94140625 0.721875 0.103125 0.125
0 0.740625 0.7453125 0.0796875 0.084375
0 0.95 0.046875 0.1 0.09375
0 0.9359375 0.14453125 0.128125 0.1
0 0.84453125 0.015625 0.1140625 0.03125
0 0.8640625 0.06171875 0.053125 0.040625
0 0.7828125 0.071875 0.0328125 0.0171875
0 0.5578125 0.0859375 0.371875 0.171875
0 0.4359375 0.20390625 0.1359375 0.06875
0 0.34453125 0.1734375 0.046875 0.1109375
0 0.878125 0.565625 0.0125 0.01171875
0 0.4578125 0.940625 0.184375 0.11875
0 0.3484375 0.915625 0.0109375 0.0171875
0 0.87578125 0.60625 0.0109375 0.009375
0 0.8578125 0.81328125 0.0171875 0.02734375
0 0.83515625 0.7796875 0.0125 0.021875