0 0.03203125 0.009375 0.0421875 0.01875
0 0.0046875 0.0765625 0.009375 0.0171875
0 0.29921875 0.0203125 0.0375 0.040625
0 0.628125 0.05078125 0.290625 0.1015625
0 0.4296875 0.0953125 0.0640625 0.0765625
0 0.0828125 0.2015625 0.1125 0.259375
0 0.1609375 0.296875 0.021875 0.03125
0 0.85 0.08984375 0.1203125 0.1796875
0 0.7734375 0.15546875 0.0390625 0.03125
0 0.85390625 0.23359375 0.1234375 0.0921875
0 0.92734375 0.24375 0.0203125 0.0375
0 0.57109375 0.134375 0.1203125 0.071875
0 0.61328125 0.24921875 0.125 0.1109375
0 0.60390625 0.1828125 0.0203125 0.025
0 0.9453125 0.4359375 0.1046875 0.240625
0 0.93515625 0.68046875 0.1015625 0.0921875
0 0.959375 0.596875 0.06875 0.078125
0 0.88203125 0.36796875 0.0234375 0.0375
0 0.85078125 0.515625 0.0828125 0.11875
0 0.7515625 0.553125 0.0765625 0.071875
0 0.68671875 0.52265625 0.0171875 0.01953125
0 0.80859375 0.70703125 0.0859375 0.1953125
0 0.73203125 0.63359375 0.0671875 0.0640625
0 0.7296875 0.69921875 0.0515625 0.0484375
0 0.74296875 0.8265625 0.0453125 0.0453125
0 0.82109375 0.840625 0.0296875 0.0375
0 0.78984375 0.85859375 0.015625 0.025
0 0.865625 0.95625 0.1484375 0.0875
0 0.88515625 0.89453125 0.0328125 0.0375
0 0.98359375 0.80625 0.0328125 0.06640625
0 0.7640625 0.9671875 0.0359375 0.04296875
0 0.63203125 0.9875 0.125 0.025
0 0.63359375 0.96875 0.028125 0.0140625
0 0.46953125 0.98046875 0.0390625 0.0390625
0 0.43125 0.98828125 0.0109375 0.015625
0 0.47421875 0.23515625 0.0953125 0.109375
0 0.30390625 0.21953125 0.13125 0.178125
0 0.3609375 0.365625 0.0859375 0.115625
0 0.3890625 0.2765625 0.034375 0.053125
0 0.41328125 0.23515625 0.009375 0.025
0 0.22734375 0.184375 0.0234375 0.0703125
0 0.19765625 0.1890625 0.021875 0.040625
0 0.15546875 0.15 0.0140625 0.0140625
0 0.17421875 0.17109375 0.009375 0.0140625
0 0.28359375 0.0828125 0.0140625 0.015625
0 0.73984375 0.1625 0.009375 0.0140625
0 0.50234375 0.45234375 0.109375 0.11328125
0 0.36796875 0.48359375 0.1578125 0.103125
0 0.26171875 0.4921875 0.053125 0.071875
0 0.20625 0.446875 0.0484375 0.0453125
0 0.2 0.6078125 0.0734375 0.23046875
0 0.15078125 0.58671875 0.0234375 0.078125
0 0.1578125 0.68359375 0.0140625 0.0484375
0 0.253125 0.68046875 0.0328125 0.078125
0 0.24296875 0.73828125 0.0328125 0.0328125
0 0.32890625 0.62890625 0.0953125 0.1265625
0 0.35234375 0.796875 0.14375 0.203125
0 0.4484375 0.7390625 0.0515625 0.084375
0 0.46796875 0.66875 0.028125 0.040625
0 0.53359375 0.734375 0.1015625 0.13125
0 0.57734375 0.6125 0.0203125 0.0296875
0 0.628125 0.63984375 0.0515625 0.0484375
0 0.64296875 0.69453125 0.0546875 0.0484375
0 0.56328125 0.5296875 0.0265625 0.0171875
0 0.46015625 0.5390625 0.0109375 0.0171875
0 0.52734375 0.5203125 0.0109375 0.0140625
0 0.69296875 0.61640625 0.0125 0.01953125
0 0.64375 0.49921875 0.0125 0.009375
0 0.42421875 0.96953125 0.0125 0.0171875
0 0.28203125 0.3484375 0.01875 0.015625