0 0.96171875 0.0921875 0.0296875 0.0171875
0 0.98125 0.19609375 0.0375 0.0328125
0 0.83515625 0.09296875 0.0171875 0.01171875
0 0.91484375 0.39375 0.0734375 0.134375
0 0.89296875 0.55 0.103125 0.1
0 0.8875 0.315625 0.0171875 0.01953125
0 0.01796875 0.2328125 0.0359375 0.1234375
0 0.034375 0.63984375 0.06875 0.084375
0 0.04375 0.8 0.0875 0.103125
0 0.196875 0.90625 0.190625 0.1875
0 0.3171875 0.9828125 0.0171875 0.015625
0 0.62890625 0.94921875 0.2109375 0.1015625
0 0.50859375 0.9515625 0.0046875 0.0078125
0 0.8015625 0.984375 0.0578125 0.03125
0 0.6921875 0.7203125 0.215625 0.290625
0 0.71015625 0.88671875 0.009375 0.015625
0 0.56484375 0.80625 0.040625 0.0875
0 0.50390625 0.81171875 0.0765625 0.03515625
0 0.4515625 0.80390625 0.0203125 0.0234375
0 0.28203125 0.56328125 0.2 0.4078125
0 0.23671875 0.78125 0.04375 0.02734375
0 0.1546875 0.675 0.0515625 0.18359375
0 0.48359375 0.61015625 0.20625 0.1875
0 0.67734375 0.496875 0.0984375 0.0703125
0 0.7234375 0.43046875 0.05625 0.05078125
0 0.79609375 0.32734375 0.0546875 0.0609375
0 0.39921875 0.409375 0.028125 0.0171875
0 0.61953125 0.3765625 0.0796875 0.078125
0 0.5421875 0.371875 0.0484375 0.0328125
0 0.06953125 0.153125 0.0640625 0.0921875
0 0.07578125 0.23046875 0.0796875 0.04296875
0 0.16640625 0.2984375 0.0484375 0.05625
0 0.296875 0.0953125 0.125 0.190625
0 0.190625 0.1328125 0.0921875 0.10546875
0 0.171875 0.0390625 0.025 0.02734375
0 0.2078125 0.053125 0.0203125 0.03125
0 0.1328125 0.05625 0.025 0.0171875
0 0.15859375 0.24609375 0.0203125 0.0234375
0 0.1703125 0.20703125 0.021875 0.0328125
0 0.12421875 0.215625 0.0078125 0.01171875
0 0.6140625 0.08515625 0.090625 0.05625
0 0.61640625 0.23515625 0.2234375 0.1265625
0 0.76484375 0.2546875 0.0296875 0.02734375
0 0.7484375 0.321875 0.025 0.0171875
0 0.71953125 0.3140625 0.0109375 0.01171875
0 0.51171875 0.12890625 0.1078125 0.0921875
0 0.44140625 0.0890625 0.04375 0.0453125
0 0.40703125 0.0984375 0.0234375 0.0296875
0 0.36796875 0.146875 0.0125 0.021875
0 0.36953125 0.1984375 0.0484375 0.021875
0 0.4171875 0.190625 0.025 0.01953125
0 0.346875 0.23828125 0.04375 0.025
0 0.43984375 0.2453125 0.015625 0.0140625
0 0.34375 0.35 0.015625 0.01171875
0 0.26484375 0.27421875 0.0125 0.021875
0 0.36796875 0.3375 0.009375 0.0171875
0 0.19375 0.3453125 0.0109375 0.01171875
0 0.24375 0.23828125 0.01875 0.01171875
0 0.225 0.2078125 0.009375 0.009375
0 0.8515625 0.27734375 0.028125 0.02734375
0 0.6625 0.54296875 0.0109375 0.01171875
0 0.3203125 0.3078125 0.0125 0.0171875
0 0.3890625 0.0953125 0.00625 0.015625
0 0.784375 0.928125 0.009375 0.01171875