0 0.10078125 0.15546875 0.1203125 0.265625
0 0.0125 0.01875 0.025 0.0375
0 0.31953125 0.1828125 0.146875 0.1875
0 0.378125 0.3359375 0.0921875 0.1234375
0 0.41796875 0.46015625 0.3046875 0.12890625
0 0.20078125 0.6 0.13125 0.26171875
0 0.33203125 0.60625 0.0953125 0.1234375
0 0.346875 0.78125 0.1484375 0.2265625
0 0.2515625 0.4515625 0.025 0.025
0 0.209375 0.41796875 0.0421875 0.046875
0 0.16875 0.25859375 0.01875 0.0375
0 0.2375 0.14375 0.0171875 0.0765625
0 0.2078125 0.14765625 0.028125 0.0390625
0 0.1859375 0.13125 0.0140625 0.015625
0 0.16875 0.109375 0.0140625 0.0171875
0 0.45 0.73046875 0.0546875 0.0875
0 0.53515625 0.7359375 0.10625 0.125
0 0.475 0.6625 0.0296875 0.040625
0 0.58515625 0.603125 0.028125 0.0328125
0 0.63984375 0.64140625 0.0375 0.05078125
0 0.64296875 0.6921875 0.0234375 0.0375
0 0.67421875 0.678125 0.0171875 0.03125
0 0.58359375 0.525 0.0203125 0.0234375
0 0.9578125 0.46015625 0.084375 0.275
0 0.87265625 0.5296875 0.084375 0.12109375
0 0.97734375 0.671875 0.0453125 0.1421875
0 0.93125 0.69921875 0.0453125 0.0859375
0 0.99140625 0.83125 0.0171875 0.0453125
0 0.88515625 0.96796875 0.1390625 0.0640625
0 0.89609375 0.91875 0.034375 0.03515625
0 0.77421875 0.98125 0.04375 0.0375
0 0.6390625 0.9859375 0.0515625 0.02734375
0 0.4640625 0.98359375 0.0328125 0.0328125
0 0.8890625 0.0921875 0.146875 0.171875
0 0.87578125 0.234375 0.1140625 0.0859375
0 0.965625 0.246875 0.0390625 0.040625
0 0.95 0.2 0.0109375 0.021875
0 0.76953125 0.03828125 0.0875 0.0765625
0 0.628125 0.03984375 0.196875 0.0796875
0 0.60234375 0.11796875 0.128125 0.0703125
0 0.64140625 0.2359375 0.1328125 0.11328125
0 0.6296875 0.1640625 0.021875 0.025
0 0.48515625 0.2125 0.1140625 0.11328125
0 0.40859375 0.2484375 0.028125 0.040625
0 0.2921875 0.31953125 0.009375 0.015625
0 0.53671875 0.384375 0.025 0.0234375
0 0.45625 0.071875 0.059375 0.071875
0 0.31953125 0.003125 0.0140625 0.00625
0 0.3375 0.0046875 0.0125 0.009375
0 0.30546875 0.046875 0.009375 0.0140625
0 0.29609375 0.0375 0.009375 0.01171875
0 0.8015625 0.14765625 0.0296875 0.03125
0 0.7765625 0.5578125 0.071875 0.0703125
0 0.71015625 0.5234375 0.01875 0.015625
0 0.77734375 0.640625 0.153125 0.08203125
0 0.83515625 0.75 0.1015625 0.134375
0 0.80625 0.875 0.0140625 0.02734375
0 0.83203125 0.85859375 0.028125 0.040625
0 0.746875 0.7078125 0.0484375 0.046875
0 0.75546875 0.840625 0.03125 0.0484375
0 0.66171875 0.49375 0.0109375 0.0140625
0 0.6625 0.60078125 0.0078125 0.015625
0 0.409375 0.115625 0.025 0.021875
0 0.9296875 0.828125 0.0125 0.021875