0 0.04609375 0.0046875 0.025 0.009375
0 0.30703125 0.0171875 0.0296875 0.034375
0 0.09140625 0.1921875 0.1125 0.26171875
0 0.1625 0.2953125 0.021875 0.03515625
0 0.66875 0.05078125 0.23125 0.1015625
0 0.596875 0.1421875 0.0875 0.08203125
0 0.521875 0.0421875 0.059375 0.084375
0 0.53515625 0.1296875 0.0390625 0.08984375
0 0.4375 0.0984375 0.0625 0.0625
0 0.471875 0.2375 0.1078125 0.115625
0 0.61953125 0.253125 0.1296875 0.1171875
0 0.85625 0.0953125 0.134375 0.190625
0 0.778125 0.16484375 0.021875 0.03125
0 0.85 0.2484375 0.1140625 0.084375
0 0.92890625 0.25625 0.0328125 0.040625
0 0.92109375 0.21171875 0.0109375 0.015625
0 0.93828125 0.45390625 0.1234375 0.2515625
0 0.84453125 0.528125 0.0640625 0.10546875
0 0.9359375 0.69609375 0.1 0.0953125
0 0.96171875 0.61328125 0.0640625 0.06640625
0 0.984375 0.8265625 0.03125 0.0703125
0 0.75859375 0.5640625 0.075 0.0703125
0 0.3265625 0.253125 0.1734375 0.13125
0 0.3671875 0.36875 0.0859375 0.0953125
0 0.2984375 0.15234375 0.0578125 0.0625
0 0.22734375 0.1796875 0.0203125 0.078125
0 0.20078125 0.184375 0.0265625 0.0484375
0 0.29140625 0.0796875 0.0140625 0.0171875
0 0.15859375 0.146875 0.0125 0.01171875
0 0.17734375 0.16484375 0.0109375 0.0140625
0 0.20625 0.4453125 0.0453125 0.053125
0 0.3515625 0.490625 0.1921875 0.115625
0 0.50078125 0.46796875 0.10625 0.14453125
0 0.69375 0.53125 0.0171875 0.0171875
0 0.56328125 0.5359375 0.0109375 0.01953125
0 0.20234375 0.603125 0.0734375 0.23046875
0 0.1484375 0.58671875 0.0359375 0.0765625
0 0.15859375 0.6875 0.0203125 0.05078125
0 0.253125 0.69453125 0.0296875 0.1109375
0 0.23125 0.734375 0.0171875 0.0328125
0 0.32890625 0.6359375 0.090625 0.134375
0 0.34921875 0.80390625 0.1421875 0.20703125
0 0.44375 0.7453125 0.0453125 0.08203125
0 0.53046875 0.7390625 0.0953125 0.13125
0 0.4671875 0.675 0.028125 0.040625
0 0.57578125 0.61796875 0.0265625 0.0234375
0 0.6359375 0.6703125 0.0671875 0.0875
0 0.79765625 0.65546875 0.0953125 0.0546875
0 0.81953125 0.715625 0.078125 0.05859375
0 0.71875 0.6265625 0.0609375 0.0453125
0 0.7265625 0.715625 0.0546875 0.0546875
0 0.74140625 0.83515625 0.040625 0.0453125
0 0.80625 0.8578125 0.0453125 0.0453125
0 0.79609375 0.7953125 0.053125 0.03515625
0 0.8078125 0.7609375 0.0328125 0.0328125
0 0.86328125 0.9625 0.1484375 0.07421875
0 0.8796875 0.90703125 0.034375 0.03515625
0 0.7578125 0.98828125 0.021875 0.0234375
0 0.77578125 0.965625 0.015625 0.0234375
0 0.63125 0.9875 0.0609375 0.025
0 0.4640625 0.98203125 0.0375 0.0359375
0 0.42890625 0.99375 0.0125 0.01171875
0 0.4359375 0.971875 0.0078125 0.01171875
0 0.646875 0.60859375 0.0125 0.0171875
0 0.24296875 0.4765625 0.0203125 0.01953125
0 0.6453125 0.50703125 0.0109375 0.0140625
0 0.74921875 0.17109375 0.009375 0.01171875