0 0.040625 0.00859375 0.053125 0.0171875
0 0.025 0.0890625 0.04375 0.0796875
0 0.02578125 0.1765625 0.0421875 0.0484375
0 0.015625 0.29765625 0.03125 0.0484375
0 0.1234375 0.1984375 0.146875 0.228125
0 0.11875 0.0515625 0.0375 0.0296875
0 0.2859375 0.15546875 0.175 0.19375
0 0.415625 0.025 0.1 0.05
0 0.2859375 0.025 0.0171875 0.01953125
0 0.0453125 0.68828125 0.090625 0.334375
0 0.0515625 0.97421875 0.103125 0.0515625
0 0.184375 0.7578125 0.16875 0.1171875
0 0.08125 0.3703125 0.0140625 0.021875
0 0.09375 0.490625 0.025 0.0546875
0 0.17578125 0.4046875 0.0828125 0.15625
0 0.15859375 0.61328125 0.0359375 0.05078125
0 0.225 0.5796875 0.0875 0.08984375
0 0.42578125 0.196875 0.0984375 0.26171875
0 0.5515625 0.04296875 0.096875 0.0859375
0 0.60078125 0.1390625 0.2421875 0.10546875
0 0.6265625 0.2 0.09375 0.025
0 0.49296875 0.25703125 0.0203125 0.0296875
0 0.58515625 0.234375 0.0421875 0.01953125
0 0.66953125 0.2578125 0.0171875 0.0234375
0 0.79296875 0.15234375 0.1625 0.1171875
0 0.83984375 0.2765625 0.2296875 0.1265625
0 0.97734375 0.35234375 0.0453125 0.1265625
0 0.94296875 0.3671875 0.0140625 0.0234375
0 0.55859375 0.56171875 0.4859375 0.43125
0 0.3796875 0.8765625 0.240625 0.203125
0 0.84453125 0.41875 0.0859375 0.0875
0 0.94921875 0.48046875 0.0484375 0.0546875
0 0.8953125 0.709375 0.18125 0.40625
0 0.7125 0.8421875 0.1921875 0.1328125
0 0.91484375 0.4953125 0.0203125 0.0296875
0 0.778125 0.9625 0.234375 0.07421875