0 0.03828125 0.00859375 0.028125 0.0171875
0 0.309375 0.01875 0.04375 0.0375
0 0.61640625 0.0390625 0.1234375 0.078125
0 0.73125 0.046875 0.0984375 0.09375
0 0.52109375 0.03828125 0.0515625 0.0765625
0 0.57421875 0.1265625 0.1234375 0.0953125
0 0.8546875 0.09453125 0.13125 0.171875
0 0.7734375 0.1625 0.028125 0.03125
0 0.74296875 0.1640625 0.0109375 0.009375
0 0.43125 0.096875 0.0640625 0.0703125
0 0.38828125 0.14375 0.025 0.02734375
0 0.08671875 0.2390625 0.115625 0.1734375
0 0.11484375 0.11640625 0.0515625 0.07421875
0 0.0765625 0.0921875 0.028125 0.05078125
0 0.04765625 0.11796875 0.0125 0.01171875
0 0.8546875 0.24140625 0.0984375 0.0859375
0 0.9296875 0.25 0.03125 0.0375
0 0.79140625 0.24296875 0.0109375 0.01171875
0 0.9203125 0.20234375 0.0125 0.0140625
0 0.47109375 0.2375 0.103125 0.12109375
0 0.6171875 0.25 0.1328125 0.11875
0 0.30078125 0.2140625 0.140625 0.18359375
0 0.2234375 0.178125 0.0171875 0.0765625
0 0.2015625 0.19375 0.0109375 0.021875
0 0.190625 0.171875 0.0125 0.01171875
0 0.16171875 0.29375 0.025 0.03125
0 0.1734375 0.16875 0.0125 0.0171875
0 0.3640625 0.365625 0.0828125 0.115625
0 0.39140625 0.271875 0.0359375 0.0390625
0 0.35859375 0.49140625 0.16875 0.11328125
0 0.471875 0.46953125 0.059375 0.125
0 0.46171875 0.5359375 0.009375 0.0078125
0 0.51796875 0.47265625 0.025 0.0625
0 0.54375 0.4421875 0.0265625 0.0640625
0 0.52421875 0.4078125 0.0125 0.0171875
0 0.20234375 0.446875 0.0484375 0.046875
0 0.2578125 0.496875 0.0328125 0.0609375
0 0.18828125 0.609375 0.075 0.2265625
0 0.13984375 0.58515625 0.028125 0.0640625
0 0.24453125 0.69609375 0.0421875 0.109375
0 0.32421875 0.6265625 0.0859375 0.12109375
0 0.346875 0.8 0.1421875 0.22265625
0 0.4421875 0.74609375 0.0515625 0.0875
0 0.52578125 0.740625 0.0984375 0.125
0 0.46640625 0.66796875 0.028125 0.040625
0 0.57421875 0.6125 0.0171875 0.0171875
0 0.621875 0.64453125 0.04375 0.05078125
0 0.6296875 0.69140625 0.0265625 0.03515625
0 0.659375 0.68125 0.021875 0.03125
0 0.2859375 0.08125 0.0109375 0.015625
0 0.93671875 0.44609375 0.1265625 0.240625
0 0.84453125 0.52421875 0.0609375 0.11328125
0 0.9328125 0.6953125 0.0984375 0.09375
0 0.959375 0.60546875 0.065625 0.0796875
0 0.759375 0.5609375 0.0734375 0.0765625
0 0.68984375 0.528125 0.021875 0.01953125
0 0.79609375 0.65 0.09375 0.05625
0 0.8109375 0.71875 0.0640625 0.078125
0 0.8578125 0.68671875 0.025 0.03515625
0 0.72578125 0.62890625 0.046875 0.046875
0 0.72734375 0.70703125 0.05625 0.0453125
0 0.7453125 0.83203125 0.0359375 0.040625
0 0.79765625 0.7921875 0.059375 0.040625
0 0.8203125 0.85 0.015625 0.0375
0 0.79140625 0.865625 0.0125 0.02734375
0 0.9828125 0.81875 0.0328125 0.06640625
0 0.465625 0.98515625 0.034375 0.0296875
0 0.42890625 0.99375 0.0109375 0.01171875
0 0.6375 0.9875 0.0609375 0.025
0 0.8640625 0.96015625 0.14375 0.0796875
0 0.88515625 0.9 0.0328125 0.03125
0 0.775 0.9625 0.0171875 0.025
0 0.75859375 0.990625 0.021875 0.015625
0 0.69765625 0.6265625 0.009375 0.0140625
0 0.64375 0.5015625 0.0078125 0.0140625
0 0.56953125 0.5328125 0.0171875 0.015625
0 0.5265625 0.525 0.0078125 0.009375
0 0.4203125 0.975 0.009375 0.0140625
0 0.68515625 0.6109375 0.0109375 0.009375
0 0.9109375 0.815625 0.00625 0.01171875
0 0.99453125 0.89765625 0.009375 0.015625