0 0.1671875 0.96484375 0.228125 0.0703125
0 0.0421875 0.95625 0.01875 0.0296875
0 0.47109375 0.925 0.0765625 0.0640625
0 0.39921875 0.971875 0.05 0.046875
0 0.27421875 0.80078125 0.125 0.196875
0 0.10234375 0.60546875 0.2046875 0.25390625
0 0.4921875 0.4609375 0.25625 0.24609375
0 0.2828125 0.52265625 0.159375 0.2515625
0 0.18046875 0.3921875 0.053125 0.06640625
0 0.05390625 0.4171875 0.05625 0.0328125
0 0.05078125 0.44609375 0.0390625 0.021875
0 0.90390625 0.85078125 0.1921875 0.2265625
0 0.68984375 0.8359375 0.2390625 0.328125
0 0.46015625 0.63671875 0.071875 0.046875
0 0.41171875 0.6 0.015625 0.0296875
0 0.95625 0.6515625 0.0640625 0.05625
0 0.875 0.55859375 0.1859375 0.08984375
0 0.803125 0.43125 0.10625 0.09375
0 0.69609375 0.4875 0.1015625 0.0640625
0 0.65234375 0.5578125 0.0640625 0.0625
0 0.85234375 0.6671875 0.0328125 0.0390625
0 0.52578125 0.66484375 0.0328125 0.0234375
0 0.5265625 0.796875 0.0109375 0.021875
0 0.74375 0.53046875 0.0125 0.025
0 0.778125 0.50703125 0.021875 0.0171875
0 0.63359375 0.4640625 0.0109375 0.01171875
0 0.628125 0.4859375 0.0125 0.015625
0 0.128125 0.45625 0.009375 0.015625
0 0.11953125 0.39453125 0.0203125 0.0171875
0 0.11484375 0.33125 0.0140625 0.0171875
0 0.090625 0.378125 0.0125 0.015625
0 0.03203125 0.38125 0.0109375 0.0140625
0 0.4109375 0.30625 0.0109375 0.015625
0 0.13203125 0.7734375 0.0171875 0.021875
0 0.23046875 0.909375 0.0125 0.01171875
0 0.025 0.934375 0.0171875 0.01953125
0 0.69375 0.59453125 0.021875 0.01171875
0 0.73046875 0.5859375 0.021875 0.01953125
0 0.0640625 0.3703125 0.0078125 0.015625