0 0.053125 0.9765625 0.10625 0.046875
0 0.7921875 0.96953125 0.1921875 0.0609375
0 0.67421875 0.97578125 0.0140625 0.0171875
0 0.3796875 0.8828125 0.165625 0.19375
0 0.48671875 0.95625 0.0296875 0.0375
0 0.2859375 0.8453125 0.0171875 0.0234375
0 0.19375 0.75625 0.1625 0.10546875
0 0.0453125 0.6921875 0.090625 0.328125
0 0.16875 0.61328125 0.0296875 0.03515625
0 0.2375 0.5921875 0.059375 0.06640625
0 0.88671875 0.7546875 0.2265625 0.334375
0 0.75078125 0.84765625 0.0484375 0.0859375
0 0.6875 0.83984375 0.0703125 0.046875
0 0.01796875 0.29609375 0.0359375 0.053125
0 0.17265625 0.4421875 0.040625 0.0796875
0 0.15234375 0.50625 0.0125 0.0234375
0 0.10390625 0.49609375 0.0171875 0.046875
0 0.18515625 0.3625 0.071875 0.0703125
0 0.8875 0.55546875 0.0953125 0.06875
0 0.946875 0.4890625 0.0296875 0.0390625
0 0.54921875 0.5609375 0.4421875 0.40234375
0 0.7796875 0.39921875 0.0171875 0.025
0 0.83984375 0.425 0.078125 0.084375
0 0.596875 0.340625 0.0125 0.015625
0 0.5609375 0.35234375 0.0390625 0.015625
0 0.85234375 0.27734375 0.225 0.12890625
0 0.99296875 0.3171875 0.0140625 0.0375
0 0.97109375 0.3890625 0.0578125 0.0609375
0 0.67109375 0.1078125 0.0578125 0.046875
0 0.74921875 0.15625 0.078125 0.11328125
0 0.8078125 0.1421875 0.0171875 0.015625
0 0.84609375 0.13125 0.025 0.03515625
0 0.54921875 0.0265625 0.05625 0.053125
0 0.54375 0.12890625 0.1140625 0.08203125
0 0.096875 0.27734375 0.075 0.0703125
0 0.08359375 0.22265625 0.040625 0.03125
0 0.11328125 0.21796875 0.0125 0.015625
0 0.01484375 0.10625 0.0296875 0.025
0 0.02734375 0.06640625 0.0234375 0.025
0 0.09453125 0.171875 0.040625 0.053125
0 0.03828125 0.18125 0.01875 0.0171875
0 0.003125 0.18359375 0.00625 0.02734375
0 0.12578125 0.053125 0.028125 0.021875
0 0.15703125 0.134375 0.0828125 0.0859375
0 0.159375 0.21875 0.028125 0.0375
0 0.18984375 0.2515625 0.0359375 0.040625
0 0.24921875 0.2046875 0.0484375 0.078125
0 0.253125 0.1359375 0.0203125 0.025
0 0.31796875 0.1203125 0.0515625 0.0921875
0 0.2890625 0.19375 0.0171875 0.021875
0 0.3375 0.196875 0.05 0.040625
0 0.40078125 0.2765625 0.0328125 0.053125
0 0.6625 0.203125 0.025 0.0234375
0 0.6 0.20390625 0.021875 0.0171875
0 0.5921875 0.2359375 0.021875 0.0140625
0 0.61015625 0.15 0.021875 0.015625
0 0.4546875 0.0890625 0.034375 0.0375
0 0.42890625 0.0171875 0.021875 0.0234375
0 0.39296875 0.0296875 0.028125 0.01171875
0 0.29453125 0.025 0.0140625 0.015625
0 0.44453125 0.134375 0.028125 0.0390625
0 0.5046875 0.26171875 0.0140625 0.0171875
0 0.3953125 0.22265625 0.021875 0.03125
0 0.4109375 0.10859375 0.0140625 0.015625
0 0.40703125 0.19140625 0.0203125 0.0234375
0 0.4171875 0.16484375 0.0125 0.01171875
0 0.4171875 0.14453125 0.0109375 0.015625
0 0.0390625 0.0046875 0.021875 0.009375
0 0.08515625 0.1234375 0.025 0.0171875