0 0.2390625 0.940625 0.1546875 0.11875
0 0.778125 0.73828125 0.1625 0.2734375
0 0.8546875 0.575 0.0359375 0.0546875
0 0.30546875 0.0390625 0.11875 0.078125
0 0.85390625 0.225 0.203125 0.26171875
0 0.82265625 0.4203125 0.071875 0.12890625
0 0.9421875 0.4515625 0.1140625 0.196875
0 0.97734375 0.26875 0.0453125 0.1328125
0 0.921875 0.00390625 0.021875 0.0078125
0 0.996875 0.04765625 0.00625 0.015625
0 0.69453125 0.06328125 0.0140625 0.021875
0 0.5546875 0.021875 0.0421875 0.04296875
0 0.47578125 0.14453125 0.1953125 0.178125
0 0.26875 0.16484375 0.1078125 0.1625
0 0.359375 0.103125 0.0171875 0.0234375
0 0.35234375 0.2234375 0.05625 0.046875
0 0.31875 0.2796875 0.0609375 0.06640625
0 0.3671875 0.2609375 0.046875 0.03125
0 0.428125 0.29765625 0.071875 0.134375
0 0.171875 0.26640625 0.0265625 0.0375
0 0.28046875 0.33125 0.04375 0.025
0 0.31484375 0.47734375 0.15625 0.12890625
0 0.19609375 0.571875 0.0921875 0.0765625
0 0.278125 0.74296875 0.2640625 0.26171875
0 0.07265625 0.51640625 0.0421875 0.05625
0 0.03203125 0.5921875 0.0234375 0.021875
0 0.009375 0.74140625 0.01875 0.03125
0 0.6015625 0.36015625 0.06875 0.12890625
0 0.69609375 0.2796875 0.084375 0.103125
0 0.56015625 0.2640625 0.084375 0.05625
0 0.6125 0.23046875 0.034375 0.040625
0 0.5890625 0.2015625 0.0171875 0.01953125
0 0.6453125 0.30625 0.0171875 0.03515625
0 0.85546875 0.0203125 0.034375 0.03125
0 0.1 0.34296875 0.0140625 0.0171875
0 0.35390625 0.56640625 0.015625 0.0140625
0 0.403125 0.39375 0.0140625 0.0140625