0 0.18984375 0.98046875 0.075 0.0390625
0 0.021875 0.76953125 0.04375 0.18125
0 0.05 0.446875 0.1 0.39453125
0 0.13984375 0.45234375 0.0828125 0.259375
0 0.2390625 0.33984375 0.1125 0.1703125
0 0.0578125 0.0640625 0.115625 0.128125
0 0.159375 0.0453125 0.090625 0.08984375
0 0.2328125 0.015625 0.040625 0.03125
0 0.28828125 0.05390625 0.084375 0.046875
0 0.34296875 0.0078125 0.0171875 0.015625
0 0.40859375 0.05 0.1 0.1
0 0.459375 0.15 0.059375 0.0703125
0 0.31953125 0.1328125 0.0328125 0.0453125
0 0.19453125 0.14921875 0.0953125 0.06640625
0 0.11796875 0.19140625 0.0328125 0.0484375
0 0.2921875 0.21953125 0.075 0.06640625
0 0.17109375 0.678125 0.1453125 0.1578125
0 0.2796875 0.665625 0.071875 0.11875
0 0.48671875 0.9546875 0.025 0.021875
0 0.5984375 0.9265625 0.1140625 0.146875
0 0.7828125 0.9703125 0.14375 0.05859375
0 0.81171875 0.6484375 0.3765625 0.3578125
0 0.7125 0.85859375 0.103125 0.0703125
0 0.9421875 0.90546875 0.115625 0.1546875
0 0.66171875 0.9359375 0.0140625 0.03515625
0 0.71015625 0.9359375 0.015625 0.015625
0 0.65078125 0.234375 0.05 0.0453125
0 0.96484375 0.2640625 0.0703125 0.13671875
0 0.4203125 0.32109375 0.1703125 0.2734375
0 0.3109375 0.3875 0.0296875 0.0171875
0 0.33515625 0.46953125 0.015625 0.025
0 0.3109375 0.47265625 0.0125 0.01171875
0 0.33984375 0.6328125 0.0125 0.021875
0 0.50390625 0.4875 0.1453125 0.0546875
0 0.43359375 0.521875 0.0125 0.0140625
0 0.54609375 0.43046875 0.075 0.05625
0 0.6109375 0.42109375 0.0375 0.046875
0 0.56796875 0.3890625 0.0203125 0.0140625
0 0.39140625 0.9765625 0.009375 0.015625
0 0.22890625 0.071875 0.0140625 0.01171875
0 0.9875 0.0078125 0.025 0.015625