0 0.45390625 0.94453125 0.1921875 0.1109375
0 0.85625 0.94140625 0.1890625 0.1171875
0 0.6828125 0.86875 0.0109375 0.0171875
0 0.99140625 0.809375 0.0171875 0.02734375
0 0.25078125 0.95 0.1078125 0.1
0 0.04921875 0.55546875 0.0984375 0.16796875
0 0.06484375 0.30078125 0.0515625 0.0296875
0 0.95390625 0.04765625 0.0921875 0.0953125
0 0.93203125 0.14765625 0.13125 0.0953125
0 0.93203125 0.2703125 0.05625 0.0609375
0 0.99296875 0.365625 0.0140625 0.02734375
0 0.96015625 0.521875 0.0796875 0.140625
0 0.9359375 0.728125 0.090625 0.1234375
0 0.73671875 0.7546875 0.0765625 0.084375
0 0.7640625 0.49921875 0.146875 0.17578125
0 0.8765625 0.57109375 0.0171875 0.0171875
0 0.55078125 0.08671875 0.371875 0.1734375
0 0.42890625 0.21015625 0.1375 0.07421875
0 0.3421875 0.1875 0.04375 0.109375
0 0.778125 0.07734375 0.021875 0.021875
0 0.840625 0.0171875 0.1375 0.034375
0 0.8609375 0.0640625 0.04375 0.0453125
0 0.34921875 0.91875 0.0140625 0.015625
0 0.33828125 0.559375 0.3921875 0.24609375
0 0.44921875 0.42578125 0.015625 0.015625
0 0.3109375 0.7875 0.165625 0.209375
0 0.53828125 0.7671875 0.1703125 0.171875
0 0.4875 0.8734375 0.0171875 0.0171875
0 0.83125 0.78046875 0.0125 0.025