0 0.03828125 0.00859375 0.0484375 0.0171875
0 0.025 0.08671875 0.05 0.0640625
0 0.02578125 0.18046875 0.0421875 0.0328125
0 0.01640625 0.29296875 0.0328125 0.0625
0 0.04375 0.6875 0.0875 0.328125
0 0.05546875 0.97421875 0.1109375 0.0515625
0 0.08828125 0.2078125 0.0734375 0.2171875
0 0.109375 0.05078125 0.046875 0.03515625
0 0.1578125 0.13359375 0.071875 0.0953125
0 0.1734375 0.23515625 0.071875 0.071875
0 0.08359375 0.36796875 0.015625 0.0234375
0 0.09453125 0.496875 0.028125 0.0546875
0 0.18203125 0.415625 0.0953125 0.1953125
0 0.1625 0.609375 0.0375 0.0546875
0 0.22734375 0.5828125 0.0765625 0.0796875
0 0.18046875 0.759375 0.165625 0.115625
0 0.3453125 0.15703125 0.265625 0.178125
0 0.41171875 0.028125 0.1078125 0.040625
0 0.3984375 0.2703125 0.0484375 0.0484375
0 0.54375 0.0328125 0.08125 0.065625
0 0.60390625 0.12421875 0.2453125 0.11875
0 0.49609375 0.259375 0.0265625 0.03515625
0 0.615625 0.2171875 0.1 0.0625
0 0.8046875 0.15234375 0.15 0.10546875
0 0.6734375 0.25859375 0.0125 0.0296875
0 0.84921875 0.26953125 0.234375 0.1328125
0 0.9921875 0.3609375 0.015625 0.1328125
0 0.96171875 0.3734375 0.0546875 0.04296875
0 0.81015625 0.41796875 0.1640625 0.08984375
0 0.4625 0.5484375 0.28125 0.4375
0 0.3828125 0.87578125 0.2375 0.2125
0 0.753125 0.834375 0.0640625 0.125
0 0.7765625 0.9703125 0.2375 0.05859375
0 0.934375 0.484375 0.06875 0.0625
0 0.8828125 0.71875 0.196875 0.4140625
0 0.6890625 0.6375 0.178125 0.1953125
0 0.68046875 0.8359375 0.0765625 0.05078125
0 0.62421875 0.81171875 0.0203125 0.0296875