0 0.08359375 0.53203125 0.1671875 0.4765625
0 0.0703125 0.7921875 0.0359375 0.040625
0 0.1921875 0.60234375 0.0453125 0.3265625
0 0.11640625 0.1546875 0.190625 0.25625
0 0.9859375 0.0484375 0.028125 0.0328125
0 0.99453125 0.24296875 0.0109375 0.02734375
0 0.99765625 0.446875 0.0046875 0.01171875
0 0.7078125 0.00859375 0.0421875 0.0171875
0 0.45625 0.00625 0.021875 0.01171875
0 0.71796875 0.1875 0.0609375 0.084375
0 0.86171875 0.340625 0.1296875 0.24609375
0 0.89375 0.1875 0.0125 0.015625
0 0.31875 0.45 0.2078125 0.225
0 0.2453125 0.6421875 0.059375 0.1625
0 0.434375 0.2828125 0.0765625 0.08984375
0 0.60234375 0.446875 0.2578125 0.37890625
0 0.21953125 0.10625 0.00625 0.009375
0 0.23125 0.071875 0.0078125 0.015625
0 0.51015625 0.89453125 0.0171875 0.0171875