0 0.0375 0.00390625 0.0640625 0.0078125
0 0.375 0.0125 0.0921875 0.025
0 0.44609375 0.0328125 0.0265625 0.03515625
0 0.60234375 0.015625 0.0234375 0.021875
0 0.69765625 0.04296875 0.040625 0.0390625
0 0.87109375 0.00625 0.0125 0.009375
0 0.9765625 0.08203125 0.028125 0.03515625
0 0.99375 0.28046875 0.0125 0.021875
0 0.11015625 0.20234375 0.19375 0.25
0 0.21484375 0.15 0.0078125 0.0078125
0 0.22578125 0.115625 0.0078125 0.0140625
0 0.71328125 0.22578125 0.053125 0.084375
0 0.85625 0.37578125 0.1375 0.24609375
0 0.9921875 0.47734375 0.0078125 0.009375
0 0.315625 0.496875 0.2078125 0.2171875
0 0.24296875 0.68828125 0.0609375 0.1640625
0 0.43046875 0.31875 0.06875 0.09765625
0 0.60234375 0.4875 0.2671875 0.37109375
0 0.10625 0.66015625 0.2125 0.3140625
0 0.096875 0.42265625 0.19375 0.1625
0 0.0734375 0.8390625 0.0390625 0.040625
0 0.50703125 0.9390625 0.0171875 0.01171875
0 0.884375 0.21875 0.0171875 0.015625