0 0.18984375 0.98203125 0.0765625 0.0359375
0 0.02421875 0.76875 0.0484375 0.178125
0 0.6046875 0.93046875 0.1125 0.1390625
0 0.490625 0.9625 0.028125 0.0171875
0 0.05390625 0.453125 0.1078125 0.4
0 0.15078125 0.45 0.08125 0.265625
0 0.1734375 0.68125 0.13125 0.1546875
0 0.28203125 0.67265625 0.0828125 0.12890625
0 0.39609375 0.9828125 0.0125 0.015625
0 0.815625 0.58515625 0.36875 0.19921875
0 0.94140625 0.840625 0.1171875 0.30859375
0 0.740625 0.76171875 0.1765625 0.1546875
0 0.8546875 0.73046875 0.05625 0.09375
0 0.66953125 0.9453125 0.0125 0.03515625
0 0.7171875 0.8703125 0.1 0.0609375
0 0.7546875 0.97578125 0.0765625 0.0484375
0 0.82734375 0.98125 0.0671875 0.0375
0 0.7171875 0.94375 0.0125 0.015625
0 0.9703125 0.26484375 0.059375 0.13671875
0 0.009375 0.025 0.01875 0.05
0 0.075 0.07421875 0.1125 0.115625
0 0.16875 0.046875 0.071875 0.09375
0 0.23828125 0.01875 0.0328125 0.025
0 0.2 0.15546875 0.090625 0.0640625
0 0.121875 0.19609375 0.025 0.0375
0 0.25390625 0.35546875 0.1234375 0.18125
0 0.296875 0.228125 0.0828125 0.071875
0 0.29765625 0.059375 0.08125 0.0609375
0 0.41640625 0.053125 0.103125 0.1
0 0.3546875 0.009375 0.015625 0.0171875
0 0.30625 0.00859375 0.009375 0.009375
0 0.2375 0.075 0.0109375 0.0140625
0 0.328125 0.12578125 0.0375 0.0796875
0 0.659375 0.23828125 0.04375 0.04296875
0 0.4640625 0.1546875 0.075 0.06640625
0 0.42734375 0.3296875 0.1734375 0.26953125
0 0.33984375 0.48125 0.015625 0.0234375
0 0.3265625 0.3859375 0.0171875 0.025
0 0.31640625 0.4796875 0.0140625 0.015625
0 0.346875 0.640625 0.015625 0.0140625
0 0.50859375 0.4984375 0.14375 0.06640625
0 0.5484375 0.4375 0.0671875 0.05078125
0 0.6171875 0.425 0.040625 0.05078125
0 0.57421875 0.39453125 0.0125 0.0171875
0 0.97890625 0.0046875 0.0421875 0.009375