0 0.0546875 0.55078125 0.109375 0.16796875
0 0.06484375 0.29609375 0.0515625 0.025
0 0.55703125 0.084375 0.3703125 0.16796875
0 0.428125 0.20625 0.1390625 0.0765625
0 0.3375 0.16796875 0.04375 0.0859375
0 0.9609375 0.04765625 0.078125 0.0953125
0 0.9359375 0.14765625 0.128125 0.08984375
0 0.85234375 0.01875 0.1421875 0.0375
0 0.85390625 0.059375 0.06875 0.03515625
0 0.78046875 0.07734375 0.025 0.015625
0 0.934375 0.2671875 0.0578125 0.05625
0 0.9953125 0.3640625 0.009375 0.03125
0 0.965625 0.51484375 0.06875 0.12109375
0 0.76875 0.5015625 0.1453125 0.1703125
0 0.87890625 0.56640625 0.0140625 0.01953125
0 0.92265625 0.72578125 0.0640625 0.1171875
0 0.97734375 0.7234375 0.015625 0.0328125
0 0.9953125 0.809375 0.009375 0.0171875
0 0.86640625 0.9421875 0.2125 0.115625
0 0.740625 0.74921875 0.0828125 0.084375
0 0.25390625 0.94921875 0.109375 0.1015625
0 0.46015625 0.9390625 0.2015625 0.12109375
0 0.38671875 0.6765625 0.475 0.4
0 0.43671875 0.4390625 0.184375 0.06875
0 0.68671875 0.87109375 0.009375 0.0171875
0 0.834375 0.7796875 0.0125 0.021875
0 0.34921875 0.915625 0.009375 0.0140625