0 0.059375 0.02265625 0.0625 0.0453125
0 0.3203125 0.1125 0.2328125 0.225
0 0.48203125 0.371875 0.4203125 0.2671875
0 0.05 0.7125 0.1 0.328125
0 0.15234375 0.59375 0.0546875 0.0859375
0 0.31015625 0.7578125 0.2328125 0.484375
0 0.7171875 0.1234375 0.090625 0.1015625
0 0.6625 0.22734375 0.0171875 0.01953125
0 0.8828125 0.1203125 0.096875 0.1109375
0 0.80078125 0.1796875 0.028125 0.0625
0 0.97421875 0.046875 0.0515625 0.09375
0 0.7125 0.75859375 0.146875 0.2515625
0 0.81796875 0.44140625 0.2265625 0.36328125
0 0.9125 0.75625 0.0125 0.02734375
0 0.875 0.784375 0.084375 0.0328125
0 0.99296875 0.171875 0.0140625 0.07421875
0 0.9625 0.425 0.075 0.478125
0 0.07734375 0.96796875 0.0796875 0.0640625
0 0.00546875 0.95703125 0.0109375 0.053125
0 0.11171875 0.559375 0.0078125 0.0140625
0 0.11796875 0.64765625 0.0140625 0.0140625
0 0.2328125 0.3828125 0.021875 0.0390625
0 0.50859375 0.925 0.015625 0.0140625
0 0.1109375 0.003125 0.0390625 0.00625
0 0.52734375 0.10234375 0.1859375 0.2046875
0 0.50078125 0.2234375 0.0171875 0.021875