0 0.2 0.98359375 0.0578125 0.0328125
0 0.1609375 0.9703125 0.0234375 0.0171875
0 0.02421875 0.7703125 0.046875 0.17578125
0 0.96640625 0.26171875 0.0671875 0.125
0 0.98125 0.0078125 0.0375 0.015625
0 0.6578125 0.23828125 0.05 0.0390625
0 0.94296875 0.759375 0.1140625 0.45703125
0 0.75703125 0.55390625 0.259375 0.16796875
0 0.74609375 0.76484375 0.1890625 0.259375
0 0.8640625 0.73125 0.04375 0.0796875
0 0.77890625 0.9703125 0.1546875 0.05859375
0 0.7109375 0.9359375 0.015625 0.0171875
0 0.60390625 0.92734375 0.0953125 0.1453125
0 0.6640625 0.9359375 0.0125 0.03125
0 0.48671875 0.95625 0.03125 0.021875
0 0.05390625 0.45234375 0.1078125 0.384375
0 0.14375 0.46171875 0.078125 0.2359375
0 0.24296875 0.35078125 0.1234375 0.115625
0 0.00625 0.0234375 0.0125 0.046875
0 0.16640625 0.05625 0.0765625 0.0765625
0 0.07890625 0.0765625 0.0953125 0.1265625
0 0.01875 0.084375 0.0265625 0.0375
0 0.1515625 0.00390625 0.015625 0.0078125
0 0.2 0.15234375 0.0875 0.05859375
0 0.14921875 0.159375 0.0078125 0.0171875
0 0.11640625 0.19453125 0.0296875 0.0453125
0 0.2375 0.01875 0.0375 0.0171875
0 0.4109375 0.0515625 0.0984375 0.103125
0 0.46171875 0.14921875 0.0796875 0.0625
0 0.29140625 0.0546875 0.0828125 0.053125
0 0.3 0.00625 0.0125 0.01171875
0 0.34765625 0.0109375 0.0140625 0.021875
0 0.32109375 0.12109375 0.0328125 0.0765625
0 0.2546875 0.2609375 0.09375 0.06640625
0 0.28359375 0.203125 0.028125 0.046875
0 0.31875 0.21875 0.0328125 0.04296875
0 0.29296875 0.1578125 0.009375 0.0140625
0 0.42421875 0.33125 0.165625 0.265625
0 0.33359375 0.4765625 0.0140625 0.01953125
0 0.5125 0.4921875 0.1421875 0.05625
0 0.5421875 0.43046875 0.075 0.06640625
0 0.56875 0.3890625 0.0125 0.0171875
0 0.6109375 0.421875 0.040625 0.0625
0 0.1671875 0.678125 0.1390625 0.16015625
0 0.278125 0.675 0.0765625 0.109375
0 0.31796875 0.38359375 0.01875 0.01953125