0 0.1125 0.72578125 0.2140625 0.16796875
0 0.90390625 0.15 0.1921875 0.3
0 0.54140625 0.92578125 0.1140625 0.1484375
0 0.41484375 0.965625 0.028125 0.0234375
0 0.3234375 0.99375 0.0140625 0.01171875
0 0.7234375 0.9546875 0.165625 0.08984375
0 0.0328125 0.0828125 0.065625 0.103125
0 0.27265625 0.06328125 0.11875 0.09375
0 0.33046875 0.159375 0.0640625 0.06640625
0 0.53203125 0.22265625 0.053125 0.04296875
0 0.0984375 0.0421875 0.040625 0.0375
0 0.15390625 0.07734375 0.096875 0.0546875
0 0.15859375 0.025 0.01875 0.021875
0 0.0609375 0.18671875 0.103125 0.0703125
0 0.18984375 0.15703125 0.04375 0.046875
0 0.0390625 0.50859375 0.078125 0.23828125
0 0.14765625 0.3390625 0.134375 0.25
0 0.065625 0.3640625 0.0296875 0.04296875
0 0.30546875 0.35546875 0.1796875 0.24609375
0 0.39375 0.50625 0.1421875 0.0625
0 0.4328125 0.434375 0.0734375 0.0765625
0 0.503125 0.4109375 0.040625 0.046875
0 0.45703125 0.3859375 0.0171875 0.01171875
0 0.221875 0.496875 0.01875 0.025
0 0.24453125 0.65625 0.009375 0.0140625
0 0.72890625 0.65234375 0.4015625 0.384375
0 0.6328125 0.85859375 0.0484375 0.025
0 0.8890625 0.89453125 0.121875 0.0921875
0 0.49375 0.4859375 0.0109375 0.021875
0 0.2 0.49921875 0.0140625 0.015625