0 0.86328125 0.378125 0.1375 0.2421875
0 0.99375 0.278125 0.0125 0.0453125
0 0.98359375 0.0875 0.0296875 0.03515625
0 0.8796875 0.0125 0.015625 0.0140625
0 0.70390625 0.05 0.0421875 0.0296875
0 0.71796875 0.22578125 0.0546875 0.0796875
0 0.38125 0.01484375 0.0921875 0.0296875
0 0.45546875 0.0359375 0.0171875 0.0296875
0 0.61015625 0.01640625 0.0171875 0.0171875
0 0.59609375 0.509375 0.2421875 0.3375
0 0.43671875 0.325 0.0765625 0.1015625
0 0.08125 0.60078125 0.1625 0.51171875
0 0.3203125 0.49921875 0.2171875 0.22265625
0 0.1859375 0.64375 0.0484375 0.31875
0 0.24609375 0.7 0.075 0.178125
0 0.11953125 0.19921875 0.1984375 0.2515625
0 0.03203125 0.00390625 0.0109375 0.0078125