0 0.50703125 0.940625 0.0140625 0.0140625
0 0.99296875 0.27734375 0.0140625 0.046875
0 0.97578125 0.084375 0.028125 0.0375
0 0.60390625 0.0171875 0.0171875 0.021875
0 0.69765625 0.04609375 0.0390625 0.03515625
0 0.38125 0.01484375 0.0765625 0.0296875
0 0.44765625 0.03515625 0.0234375 0.03515625
0 0.02578125 0.00390625 0.0171875 0.0078125
0 0.1109375 0.20234375 0.196875 0.25625
0 0.225 0.1140625 0.00625 0.0078125
0 0.21484375 0.15 0.0140625 0.0171875
0 0.1046875 0.6703125 0.209375 0.2984375
0 0.31484375 0.496875 0.2125 0.2328125
0 0.23984375 0.696875 0.0609375 0.16796875
0 0.0734375 0.840625 0.040625 0.0390625
0 0.10234375 0.4328125 0.1984375 0.18125
0 0.7109375 0.22578125 0.059375 0.071875
0 0.884375 0.2234375 0.0140625 0.0171875
0 0.85859375 0.3765625 0.1390625 0.24609375
0 0.9953125 0.48125 0.009375 0.015625
0 0.43359375 0.3203125 0.071875 0.09375
0 0.596875 0.5203125 0.26875 0.3140625
0 0.58203125 0.3296875 0.1328125 0.0703125
0 0.065625 0.003125 0.0203125 0.00625
0 0.66796875 0.0328125 0.0125 0.015625