0 0.059375 0.9578125 0.11875 0.084375
0 0.8 0.9484375 0.2171875 0.103125
0 0.68046875 0.934375 0.0109375 0.0171875
0 0.3734375 0.8453125 0.2 0.203125
0 0.4953125 0.91875 0.0296875 0.046875
0 0.04375 0.6484375 0.084375 0.3296875
0 0.18828125 0.7171875 0.165625 0.10546875
0 0.2375 0.55078125 0.0609375 0.06640625
0 0.16875 0.575 0.0453125 0.04296875
0 0.01640625 0.26640625 0.0328125 0.0453125
0 0.55234375 0.5109375 0.459375 0.36875
0 0.4265625 0.71796875 0.0375 0.01171875
0 0.89453125 0.675 0.2109375 0.384375
0 0.7609375 0.80546875 0.0546875 0.11328125
0 0.69453125 0.796875 0.075 0.046875
0 0.18046875 0.36796875 0.05625 0.1546875
0 0.15 0.46796875 0.0140625 0.01953125
0 0.85234375 0.38359375 0.075 0.0796875
0 0.95703125 0.45234375 0.0375 0.025
0 0.93125 0.4546875 0.009375 0.0171875
0 0.86640625 0.2453125 0.228125 0.11875
0 0.975 0.340625 0.05 0.0328125
0 0.74921875 0.11796875 0.2359375 0.11328125
0 0.5578125 0.109375 0.140625 0.08984375
0 0.4453125 0.0859375 0.0640625 0.0765625
0 0.403125 0.2109375 0.0375 0.11875
0 0.09296875 0.25 0.06875 0.0703125
0 0.3203125 0.09375 0.0515625 0.0859375
0 0.3328125 0.1703125 0.0609375 0.0390625
0 0.26015625 0.1765625 0.0734375 0.07421875
0 0.17265625 0.2109375 0.0671875 0.0609375
0 0.0890625 0.19140625 0.053125 0.04296875
0 0.09296875 0.140625 0.0453125 0.046875
0 0.159375 0.10859375 0.0765625 0.0765625
0 0.2546875 0.11015625 0.0265625 0.02734375
0 0.03984375 0.1609375 0.015625 0.021875
0 0.12578125 0.034375 0.0328125 0.0296875
0 0.01875 0.0890625 0.0328125 0.0296875
0 0.03125 0.05 0.025 0.021875
0 0.00703125 0.0140625 0.0140625 0.01953125
0 0.5640625 0.3140625 0.0375 0.0171875
0 0.60234375 0.30390625 0.0109375 0.015625
0 0.5328125 0.01875 0.0234375 0.0375
0 0.4625 0.0125 0.0140625 0.025
0 0.39296875 0.00859375 0.0296875 0.0171875
0 0.4328125 0.0046875 0.0171875 0.009375
0 0.578125 0.02734375 0.040625 0.0546875
0 0.68359375 0.22578125 0.0171875 0.01171875
0 0.60390625 0.171875 0.03125 0.021875
0 0.4890625 0.1953125 0.0234375 0.0140625
0 0.471875 0.16015625 0.0140625 0.01171875