0 0.25 0.946875 0.103125 0.10546875
0 0.05390625 0.553125 0.1078125 0.16796875
0 0.06875 0.29375 0.059375 0.02734375
0 0.4578125 0.93046875 0.19375 0.1390625
0 0.3421875 0.91484375 0.01875 0.021875
0 0.86171875 0.9375 0.228125 0.125
0 0.684375 0.86875 0.009375 0.0171875
0 0.99375 0.8078125 0.0125 0.025
0 0.953125 0.046875 0.09375 0.09375
0 0.925 0.14453125 0.115625 0.10546875
0 0.99296875 0.1703125 0.0140625 0.02734375
0 0.93125 0.2671875 0.053125 0.0625
0 0.99453125 0.3671875 0.0109375 0.03515625
0 0.9625 0.5046875 0.075 0.1015625
0 0.77421875 0.49375 0.1421875 0.1734375
0 0.87734375 0.5640625 0.0171875 0.021875
0 0.93984375 0.721875 0.090625 0.11875
0 0.7421875 0.75 0.0828125 0.0765625
0 0.38046875 0.65 0.4703125 0.40234375
0 0.30390625 0.8671875 0.0640625 0.0328125
0 0.61875 0.73828125 0.009375 0.01953125
0 0.47890625 0.4328125 0.0984375 0.0375
0 0.85 0.01484375 0.1234375 0.0296875
0 0.8625 0.05859375 0.05 0.0453125
0 0.55 0.08125 0.3703125 0.1625
0 0.4296875 0.203125 0.1453125 0.0640625
0 0.340625 0.175 0.0375 0.0953125
0 0.778125 0.0734375 0.0296875 0.021875