0 0.35390625 0.01640625 0.1265625 0.0328125
0 0.440625 0.03046875 0.01875 0.0171875
0 0.440625 0.0484375 0.0140625 0.01171875
0 0.59921875 0.01484375 0.0140625 0.015625
0 0.69453125 0.04296875 0.0375 0.03125
0 0.97578125 0.075 0.0265625 0.025
0 0.99453125 0.28125 0.0109375 0.0171875
0 0.7109375 0.225 0.05625 0.0796875
0 0.86328125 0.378125 0.140625 0.2515625
0 0.88515625 0.21953125 0.015625 0.021875
0 0.6421875 0.128125 0.009375 0.0140625
0 0.153125 0.00390625 0.04375 0.0078125
0 0.05703125 0.0140625 0.025 0.02734375
0 0.01796875 0.00703125 0.0296875 0.0140625
0 0.10703125 0.209375 0.1984375 0.25390625
0 0.43046875 0.3265625 0.0828125 0.0953125
0 0.575 0.5234375 0.2796875 0.2953125
0 0.5765625 0.3234375 0.1703125 0.1078125
0 0.3125 0.50703125 0.2234375 0.2265625
0 0.1 0.671875 0.2 0.328125
0 0.23359375 0.71015625 0.06875 0.178125
0 0.06875 0.8546875 0.0375 0.0453125
0 0.090625 0.43046875 0.18125 0.1578125
0 0.509375 0.9484375 0.0125 0.01953125
0 0.2203125 0.1171875 0.0078125 0.0140625