0 0.0390625 0.81328125 0.078125 0.103125
0 0.034375 0.6421875 0.06875 0.0796875
0 0.63203125 0.9484375 0.215625 0.103125
0 0.50859375 0.953125 0.0109375 0.015625
0 0.7984375 0.98515625 0.059375 0.0296875
0 0.8921875 0.5515625 0.1 0.10546875
0 0.9109375 0.396875 0.075 0.1328125
0 0.98046875 0.19609375 0.0390625 0.0375
0 0.95546875 0.0921875 0.0328125 0.015625
0 0.01640625 0.25 0.0328125 0.084375
0 0.009375 0.1859375 0.01875 0.0296875
0 0.2953125 0.09375 0.1140625 0.1859375
0 0.3640625 0.59453125 0.446875 0.1703125
0 0.6859375 0.7125 0.203125 0.30859375
0 0.68203125 0.49609375 0.0828125 0.0703125
0 0.62890625 0.49140625 0.015625 0.021875
0 0.659375 0.53828125 0.015625 0.015625
0 0.73671875 0.428125 0.0390625 0.0453125
0 0.7953125 0.3265625 0.05625 0.0625
0 0.70234375 0.4421875 0.0125 0.009375
0 0.6203125 0.3796875 0.0859375 0.071875
0 0.503125 0.6921875 0.0671875 0.02734375
0 0.56484375 0.809375 0.0421875 0.084375
0 0.5046875 0.8140625 0.071875 0.040625
0 0.19140625 0.90625 0.19375 0.1875
0 0.31015625 0.97734375 0.025 0.025
0 0.33046875 0.953125 0.0078125 0.01171875
0 0.16484375 0.721875 0.078125 0.084375
0 0.2546875 0.73515625 0.0875 0.109375
0 0.28125 0.43671875 0.2046875 0.1484375
0 0.396875 0.41015625 0.028125 0.01953125
0 0.8359375 0.0921875 0.0140625 0.015625
0 0.06171875 0.15546875 0.0671875 0.0953125
0 0.04140625 0.234375 0.0203125 0.0171875
0 0.08671875 0.2328125 0.05625 0.0484375
0 0.61953125 0.08125 0.08125 0.0765625
0 0.61015625 0.2390625 0.2171875 0.1
0 0.7625 0.25390625 0.0234375 0.025
0 0.746875 0.32109375 0.0359375 0.0171875
0 0.85 0.27734375 0.025 0.025
0 0.54140625 0.371875 0.0453125 0.0453125
0 0.50234375 0.13359375 0.084375 0.109375
0 0.55859375 0.1109375 0.015625 0.021875
0 0.440625 0.0921875 0.0359375 0.0390625
0 0.40703125 0.09375 0.025 0.01953125
0 0.4421875 0.1359375 0.0140625 0.015625
0 0.4171875 0.18828125 0.0234375 0.021875
0 0.36796875 0.1984375 0.04375 0.025
0 0.365625 0.1421875 0.021875 0.021875
0 0.3484375 0.2328125 0.0203125 0.021875
0 0.1671875 0.0375 0.0265625 0.021875
0 0.20390625 0.04765625 0.025 0.025
0 0.19765625 0.12890625 0.0765625 0.0921875
0 0.1703125 0.2015625 0.0328125 0.0453125
0 0.15625 0.25 0.03125 0.02734375
0 0.121875 0.2140625 0.009375 0.0171875
0 0.13359375 0.0515625 0.0265625 0.0171875
0 0.16328125 0.3 0.0484375 0.05625
0 0.34140625 0.35078125 0.0125 0.015625
0 0.3671875 0.3328125 0.0125 0.015625
0 0.26484375 0.271875 0.0171875 0.015625
0 0.440625 0.24296875 0.0140625 0.01171875
0 0.88515625 0.31328125 0.0171875 0.015625
0 0.66796875 0.175 0.025 0.0140625
0 0.61015625 0.18359375 0.0140625 0.01171875
0 0.44765625 0.7984375 0.015625 0.0296875
0 0.2203125 0.1765625 0.009375 0.009375
0 0.3765625 0.04296875 0.009375 0.01171875
0 0.1921875 0.34453125 0.009375 0.01171875
0 0.7171875 0.3125 0.0125 0.0171875
0 0.78359375 0.9265625 0.009375 0.0140625