0 0.7328125 0.96484375 0.20625 0.0703125
0 0.121875 0.7734375 0.1578125 0.11875
0 0.16171875 0.5984375 0.0671875 0.0765625
0 0.09375 0.628125 0.0265625 0.0453125
0 0.01015625 0.6359375 0.0203125 0.1390625
0 0.00703125 0.75078125 0.0140625 0.040625
0 0.30546875 0.88125 0.18125 0.19921875
0 0.4203125 0.95625 0.0359375 0.040625
0 0.4046875 0.55 0.3046875 0.428125
0 0.6375 0.621875 0.1625 0.18359375
0 0.81171875 0.7296875 0.190625 0.31875
0 0.68671875 0.825 0.0578125 0.1078125
0 0.61171875 0.8234375 0.0515625 0.0328125
0 0.65234375 0.8359375 0.0109375 0.0234375
0 0.61328125 0.9640625 0.0109375 0.009375
0 0.9875 0.596875 0.025 0.040625
0 0.8078125 0.53046875 0.0984375 0.071875
0 0.87109375 0.46015625 0.0484375 0.046875
0 0.9390625 0.3671875 0.0578125 0.0703125
0 0.8953125 0.35546875 0.021875 0.03125
0 0.76796875 0.4015625 0.078125 0.0796875
0 0.6859375 0.38359375 0.0484375 0.0375
0 0.09453125 0.4609375 0.0453125 0.0875
0 0.02421875 0.5125 0.0171875 0.040625
0 0.021875 0.278125 0.04375 0.1015625
0 0.01484375 0.18671875 0.0296875 0.0546875
0 0.0703125 0.1515625 0.078125 0.0921875
0 0.0328125 0.06953125 0.034375 0.025
0 0.22578125 0.121875 0.05625 0.09375
0 0.20703125 0.21796875 0.14375 0.0796875
0 0.06953125 0.23359375 0.0296875 0.0328125
0 0.10234375 0.2640625 0.0375 0.04296875
0 0.121875 0.21953125 0.0109375 0.01953125
0 0.16640625 0.1453125 0.01875 0.025
0 0.14921875 0.16875 0.0109375 0.009375
0 0.11328125 0.0078125 0.0203125 0.015625
0 0.3515625 0.11015625 0.0765625 0.0859375
0 0.45078125 0.1296875 0.11875 0.0953125
0 0.46484375 0.0390625 0.08125 0.078125
0 0.62734375 0.1359375 0.1421875 0.13125
0 0.7171875 0.128125 0.015625 0.021875
0 0.76953125 0.1125 0.040625 0.0390625
0 0.765625 0.2546875 0.2265625 0.12109375
0 0.91640625 0.290625 0.028125 0.02734375
0 0.865625 0.34453125 0.0125 0.0140625
0 0.51796875 0.19453125 0.0390625 0.021875
0 0.52265625 0.14375 0.0125 0.0140625
0 0.33203125 0.0234375 0.0265625 0.0234375
0 0.36796875 0.03203125 0.015625 0.02734375
0 0.2953125 0.03515625 0.0234375 0.0171875
0 0.31875 0.22734375 0.05 0.15
0 0.10546875 0.3703125 0.0734375 0.06640625
0 0.50703125 0.2296875 0.0234375 0.0171875
0 0.415625 0.259375 0.0140625 0.021875
0 0.88984375 0.97265625 0.015625 0.015625
0 0.56484375 0.8078125 0.0171875 0.015625
0 0.99140625 0.13671875 0.0140625 0.0171875