0 0.0421875 0.684375 0.084375 0.3265625
0 0.05234375 0.9765625 0.1046875 0.046875
0 0.1875 0.7609375 0.165625 0.115625
0 0.165625 0.6140625 0.040625 0.0375
0 0.2296875 0.5875 0.06875 0.08203125
0 0.096875 0.490625 0.025 0.0546875
0 0.08125 0.36796875 0.0296875 0.0296875
0 0.021875 0.0890625 0.04375 0.084375
0 0.040625 0.01171875 0.053125 0.0234375
0 0.01875 0.2984375 0.034375 0.0703125
0 0.11953125 0.05390625 0.0296875 0.040625
0 0.025 0.1859375 0.034375 0.0390625
0 0.21171875 0.19140625 0.3171875 0.25
0 0.28671875 0.03125 0.0203125 0.0234375
0 0.178125 0.42109375 0.0875 0.2015625
0 0.384375 0.03125 0.03125 0.02734375
0 0.4390625 0.02421875 0.0625 0.040625
0 0.42890625 0.1921875 0.1140625 0.271875
0 0.5015625 0.2640625 0.015625 0.0390625
0 0.59375 0.1328125 0.234375 0.10546875
0 0.5484375 0.03984375 0.096875 0.0796875
0 0.68203125 0.00859375 0.0359375 0.0171875
0 0.790625 0.153125 0.159375 0.1234375
0 0.62578125 0.2171875 0.0921875 0.0546875
0 0.5578125 0.55078125 0.490625 0.4296875
0 0.84453125 0.27421875 0.2140625 0.1234375
0 0.98984375 0.359375 0.0203125 0.13671875
0 0.95546875 0.371875 0.0515625 0.040625
0 0.84375 0.4171875 0.078125 0.0953125
0 0.8890625 0.7140625 0.18125 0.4078125
0 0.93984375 0.48828125 0.0578125 0.05078125
0 0.38671875 0.8703125 0.2328125 0.2203125
0 0.7109375 0.8328125 0.18125 0.134375
0 0.76953125 0.965625 0.2484375 0.06875