0 0.29453125 0.99140625 0.015625 0.0171875
0 0.33515625 0.99375 0.0171875 0.01171875
0 0.2546875 0.9953125 0.0125 0.009375
0 0.86796875 0.2796875 0.1390625 0.25
0 0.7296875 0.128125 0.059375 0.0796875
0 0.5984375 0.3734375 0.24375 0.4
0 0.44296875 0.21875 0.0640625 0.0875
0 0.11171875 0.10859375 0.209375 0.2171875
0 0.221875 0.040625 0.009375 0.015625
0 0.1046875 0.5609375 0.209375 0.3125
0 0.3140625 0.39140625 0.2125 0.234375
0 0.24140625 0.59453125 0.0703125 0.178125
0 0.0734375 0.7375 0.0375 0.0375
0 0.10078125 0.31875 0.2015625 0.1734375
0 0.50859375 0.83984375 0.0171875 0.01953125