0 0.02578125 0.00859375 0.0390625 0.0171875
0 0.3 0.01953125 0.04375 0.0390625
0 0.640625 0.0421875 0.2859375 0.084375
0 0.57109375 0.12109375 0.1296875 0.07421875
0 0.61171875 0.2484375 0.1328125 0.1078125
0 0.60078125 0.1671875 0.009375 0.015625
0 0.84609375 0.0890625 0.115625 0.171875
0 0.84609375 0.22734375 0.1046875 0.0796875
0 0.92265625 0.23828125 0.0296875 0.040625
0 0.9109375 0.190625 0.0078125 0.01171875
0 0.771875 0.1484375 0.0328125 0.0328125
0 0.7375 0.15625 0.0125 0.009375
0 0.46171875 0.2328125 0.109375 0.11328125
0 0.42734375 0.0921875 0.0640625 0.0765625
0 0.38515625 0.1390625 0.0296875 0.0234375
0 0.0828125 0.1984375 0.11875 0.265625
0 0.159375 0.28515625 0.021875 0.046875
0 0.15 0.1484375 0.0140625 0.0171875
0 0.29375 0.2078125 0.1234375 0.18125
0 0.35859375 0.3578125 0.0890625 0.115625
0 0.378125 0.26640625 0.0453125 0.06640625
0 0.22109375 0.17890625 0.0171875 0.0765625
0 0.19765625 0.19609375 0.0171875 0.03125
0 0.184375 0.175 0.009375 0.015625
0 0.16640625 0.16875 0.009375 0.0140625
0 0.378125 0.475 0.2484375 0.1234375
0 0.528125 0.44375 0.0453125 0.10546875
0 0.46015625 0.409375 0.0203125 0.0078125
0 0.20859375 0.60546875 0.0765625 0.23046875
0 0.1515625 0.58515625 0.0359375 0.0703125
0 0.15859375 0.6890625 0.021875 0.05625
0 0.2015625 0.44375 0.05625 0.0453125
0 0.240625 0.4765625 0.021875 0.015625
0 0.2578125 0.6828125 0.0234375 0.071875
0 0.23828125 0.73515625 0.0328125 0.03125
0 0.32890625 0.62109375 0.0921875 0.125
0 0.35078125 0.8 0.1421875 0.23046875
0 0.44765625 0.73515625 0.0484375 0.08203125
0 0.528125 0.72578125 0.1015625 0.15625
0 0.4640625 0.6671875 0.025 0.040625
0 0.5765625 0.61328125 0.0234375 0.0390625
0 0.62578125 0.6328125 0.0515625 0.0453125
0 0.634375 0.6859375 0.034375 0.040625
0 0.6640625 0.6703125 0.021875 0.03515625
0 0.653125 0.7140625 0.015625 0.01171875
0 0.93046875 0.440625 0.1390625 0.259375
0 0.93046875 0.678125 0.0984375 0.1015625
0 0.959375 0.6 0.0625 0.0546875
0 0.83515625 0.515625 0.05625 0.11328125
0 0.753125 0.54609375 0.078125 0.0765625
0 0.684375 0.51640625 0.01875 0.021875
0 0.64375 0.596875 0.0078125 0.015625
0 0.80703125 0.68671875 0.1109375 0.1546875
0 0.71953125 0.62421875 0.06875 0.05625
0 0.72734375 0.6953125 0.0453125 0.0609375
0 0.79765625 0.78046875 0.05625 0.03515625
0 0.809375 0.840625 0.0453125 0.0484375
0 0.73984375 0.821875 0.0359375 0.05078125
0 0.9859375 0.80859375 0.028125 0.07421875
0 0.865625 0.953125 0.1578125 0.09375
0 0.88203125 0.8890625 0.0375 0.03125
0 0.76640625 0.96171875 0.0359375 0.0484375
0 0.6296875 0.98046875 0.1171875 0.0390625
0 0.46875 0.98515625 0.0390625 0.0296875
0 0.42890625 0.97734375 0.015625 0.03515625
0 0.64140625 0.49375 0.0140625 0.0140625
0 0.5234375 0.5171875 0.009375 0.015625
0 0.5640625 0.5265625 0.021875 0.0234375
0 0.278125 0.3453125 0.0109375 0.015625
0 0.25625 0.05390625 0.0125 0.01171875
0 0.6921875 0.7 0.009375 0.0140625
0 0.7875 0.23359375 0.0125 0.01171875
0 0.9109375 0.80390625 0.009375 0.01171875
0 0.003125 0.0734375 0.0046875 0.0171875