0 0.00703125 0.0328125 0.0140625 0.065625
0 0.05078125 0.00390625 0.025 0.0078125
0 0.31484375 0.01953125 0.034375 0.0390625
0 0.09609375 0.1890625 0.109375 0.26171875
0 0.16953125 0.2890625 0.028125 0.040625
0 0.16171875 0.14140625 0.0109375 0.009375
0 0.67578125 0.0515625 0.23125 0.103125
0 0.528125 0.0390625 0.053125 0.078125
0 0.5328125 0.11875 0.0328125 0.0875
0 0.60390625 0.14140625 0.0828125 0.0765625
0 0.55625 0.165625 0.009375 0.01953125
0 0.6203125 0.253125 0.134375 0.115625
0 0.86796875 0.103125 0.134375 0.171875
0 0.7828125 0.1640625 0.0375 0.0375
0 0.85859375 0.2515625 0.1046875 0.078125
0 0.93671875 0.25625 0.0296875 0.040625
0 0.925 0.2125 0.0078125 0.015625
0 0.440625 0.096875 0.065625 0.0640625
0 0.4796875 0.2375 0.096875 0.115625
0 0.93984375 0.45 0.1203125 0.24609375
0 0.8484375 0.5296875 0.0640625 0.10546875
0 0.9328125 0.70390625 0.0921875 0.0875
0 0.959375 0.6171875 0.0703125 0.0859375
0 0.75703125 0.5640625 0.065625 0.071875
0 0.69375 0.5328125 0.015625 0.0171875
0 0.8 0.65703125 0.08125 0.05625
0 0.8203125 0.71796875 0.0796875 0.06875
0 0.73125 0.7109375 0.0484375 0.040625
0 0.7328125 0.6390625 0.0484375 0.0609375
0 0.69375 0.625 0.0125 0.021875
0 0.74296875 0.834375 0.0375 0.0546875
0 0.7984375 0.79609375 0.053125 0.0375
0 0.81875 0.85546875 0.0234375 0.0328125
0 0.790625 0.8734375 0.0125 0.021875
0 0.98046875 0.83125 0.0390625 0.06875
0 0.8609375 0.9625 0.1515625 0.07421875
0 0.88125 0.909375 0.028125 0.03125
0 0.753125 0.98828125 0.0171875 0.0234375
0 0.77421875 0.96484375 0.015625 0.021875
0 0.63046875 0.984375 0.0640625 0.03125
0 0.465625 0.98359375 0.0328125 0.0328125
0 0.4265625 0.9921875 0.009375 0.0078125
0 0.29921875 0.2140625 0.14375 0.19375
0 0.3703125 0.36640625 0.0828125 0.115625
0 0.39375 0.27421875 0.0421875 0.06640625
0 0.21171875 0.190625 0.015625 0.03515625
0 0.19921875 0.16796875 0.0078125 0.01953125
0 0.1828125 0.1640625 0.0078125 0.01171875
0 0.271875 0.05546875 0.009375 0.009375
0 0.3328125 0.4796875 0.184375 0.109375
0 0.4625 0.4734375 0.0765625 0.1265625
0 0.53203125 0.4640625 0.05625 0.0796875
0 0.53046875 0.4125 0.0171875 0.0234375
0 0.51484375 0.4015625 0.0109375 0.009375
0 0.20703125 0.44453125 0.0484375 0.040625
0 0.20859375 0.61015625 0.0640625 0.2484375
0 0.15546875 0.58125 0.0390625 0.06640625
0 0.16484375 0.684375 0.0265625 0.0546875
0 0.25625 0.6921875 0.0265625 0.1109375
0 0.2328125 0.740625 0.0171875 0.015625
0 0.33125 0.61875 0.084375 0.1171875
0 0.3453125 0.7890625 0.1390625 0.209375
0 0.44140625 0.7375 0.0546875 0.08203125
0 0.528125 0.7296875 0.11875 0.15234375
0 0.46015625 0.6734375 0.0171875 0.0390625
0 0.575 0.6171875 0.0234375 0.0375
0 0.6234375 0.6453125 0.0453125 0.05078125
0 0.62890625 0.69140625 0.0265625 0.0375
0 0.6609375 0.6828125 0.015625 0.02734375
0 0.571875 0.5375 0.021875 0.021875
0 0.421875 0.23359375 0.0109375 0.015625
0 0.3984375 0.140625 0.0265625 0.015625
0 0.53046875 0.5234375 0.0109375 0.0140625
0 0.64609375 0.50703125 0.0109375 0.015625