0 0.190625 0.98125 0.078125 0.0375
0 0.02265625 0.7703125 0.0453125 0.17578125
0 0.0453125 0.44375 0.090625 0.40234375
0 0.14140625 0.4421875 0.0984375 0.265625
0 0.1 0.603125 0.0171875 0.03125
0 0.17421875 0.68671875 0.140625 0.1484375
0 0.28359375 0.6703125 0.0765625 0.1171875
0 0.715625 0.671875 0.1703125 0.40625
0 0.9015625 0.58671875 0.196875 0.165625
0 0.94609375 0.83515625 0.1078125 0.32421875
0 0.8453125 0.73046875 0.090625 0.1234375
0 0.9671875 0.26640625 0.065625 0.1390625
0 0.78515625 0.9734375 0.1484375 0.053125
0 0.59453125 0.93046875 0.090625 0.1390625
0 0.65625 0.94609375 0.0375 0.084375
0 0.4890625 0.9578125 0.0265625 0.021875
0 0.98515625 0.00625 0.0296875 0.01171875
0 0.65625 0.23828125 0.046875 0.04296875
0 0.04921875 0.06953125 0.0984375 0.1328125
0 0.1515625 0.046875 0.1109375 0.09375
0 0.2375 0.0171875 0.028125 0.0296875
0 0.2921875 0.05546875 0.0921875 0.0546875
0 0.41328125 0.053125 0.1 0.10546875
0 0.303125 0.00859375 0.009375 0.0140625
0 0.46328125 0.14921875 0.0703125 0.0546875
0 0.19609375 0.15 0.1 0.0765625
0 0.11953125 0.1953125 0.0296875 0.0484375
0 0.25078125 0.33515625 0.1203125 0.1703125
0 0.29453125 0.21953125 0.0734375 0.05859375
0 0.4203125 0.3671875 0.175 0.19375
0 0.31953125 0.3859375 0.01875 0.025
0 0.3375 0.47734375 0.0203125 0.02734375
0 0.5109375 0.496875 0.134375 0.0609375
0 0.5453125 0.4359375 0.071875 0.0640625
0 0.6171875 0.42265625 0.0375 0.05078125
0 0.5734375 0.39453125 0.0078125 0.01171875
0 0.31640625 0.4765625 0.0203125 0.015625
0 0.4375 0.5265625 0.009375 0.01171875
0 0.3953125 0.98046875 0.0109375 0.015625
0 0.32578125 0.13359375 0.0421875 0.0453125
0 0.41484375 0.22734375 0.103125 0.0859375
0 0.296875 0.16015625 0.015625 0.015625