0 0.1484375 0.98984375 0.065625 0.0203125
0 0.94375 0.2375 0.1125 0.1625
0 0.978125 0.11640625 0.040625 0.04296875
0 0.99296875 0.071875 0.0140625 0.015625
0 0.76328125 0.96953125 0.1578125 0.0609375
0 0.58671875 0.92890625 0.121875 0.1421875
0 0.46875 0.9578125 0.0125 0.015625
0 0.365625 0.9875 0.0109375 0.01171875
0 0.79453125 0.6578125 0.4109375 0.390625
0 0.6859375 0.8734375 0.05625 0.03515625
0 0.928125 0.9125 0.14375 0.1109375
0 0.07578125 0.07421875 0.1515625 0.13671875
0 0.18984375 0.0234375 0.0359375 0.02734375
0 0.23515625 0.0609375 0.0953125 0.046875
0 0.3625 0.053125 0.1 0.10546875
0 0.3 0.0125 0.021875 0.009375
0 0.41328125 0.15 0.075 0.0609375
0 0.61640625 0.23046875 0.0484375 0.04296875
0 0.27578125 0.1421875 0.04375 0.0375
0 0.1625 0.1578125 0.090625 0.0640625
0 0.10234375 0.16875 0.0109375 0.01171875
0 0.06953125 0.2078125 0.0359375 0.0453125
0 0.00625 0.28515625 0.0125 0.021875
0 0.03046875 0.496875 0.0609375 0.3265625
0 0.175 0.696875 0.2234375 0.1640625
0 0.0953125 0.4828125 0.065625 0.22265625
0 0.18515625 0.35859375 0.115625 0.19375
0 0.11640625 0.3640625 0.021875 0.015625
0 0.2484375 0.228125 0.0859375 0.0625
0 0.2640625 0.396875 0.0453125 0.0328125
0 0.43984375 0.396875 0.30625 0.26171875
0 0.26796875 0.4796875 0.0125 0.0078125
0 0.30625 0.64140625 0.0125 0.0140625
0 0.6875 0.92578125 0.009375 0.0171875