0 0.6390625 0.95078125 0.203125 0.0984375
0 0.04296875 0.81875 0.0859375 0.125
0 0.03828125 0.640625 0.05625 0.0765625
0 0.22265625 0.9109375 0.240625 0.178125
0 0.27421875 0.584375 0.2828125 0.43359375
0 0.503125 0.61640625 0.1765625 0.1875
0 0.021875 0.228125 0.04375 0.1328125
0 0.0875 0.23359375 0.0921875 0.046875
0 0.17109375 0.2796875 0.046875 0.08984375
0 0.0765625 0.1546875 0.0640625 0.103125
0 0.00625 0.00859375 0.0125 0.01171875
0 0.30390625 0.09375 0.1140625 0.1875
0 0.7015625 0.709375 0.215625 0.31640625
0 0.56484375 0.8140625 0.0578125 0.084375
0 0.50078125 0.81640625 0.06875 0.0375
0 0.89609375 0.55625 0.096875 0.103125
0 0.91640625 0.4 0.075 0.1421875
0 0.984375 0.1984375 0.03125 0.0453125
0 0.96953125 0.096875 0.040625 0.0234375
0 0.2046875 0.1625 0.0890625 0.14453125
0 0.51171875 0.1296875 0.1 0.115625
0 0.42265625 0.096875 0.0765625 0.0453125
0 0.60859375 0.10078125 0.0953125 0.0640625
0 0.621875 0.23828125 0.2203125 0.12890625
0 0.7875 0.334375 0.08125 0.0703125
0 0.678125 0.50703125 0.0984375 0.0640625
0 0.73984375 0.44375 0.04375 0.04296875
0 0.62421875 0.38359375 0.0859375 0.07421875
0 0.54765625 0.37421875 0.053125 0.040625
0 0.37109375 0.203125 0.0328125 0.01953125
0 0.3703125 0.14765625 0.01875 0.025
0 0.13984375 0.05625 0.028125 0.01953125
0 0.178125 0.03984375 0.028125 0.025
0 0.21328125 0.05390625 0.015625 0.0296875
0 0.4265625 0.19375 0.0265625 0.01953125
0 0.35078125 0.35234375 0.021875 0.0140625
0 0.27421875 0.275 0.0140625 0.0171875
0 0.77265625 0.26171875 0.0265625 0.025
0 0.36015625 0.2359375 0.0171875 0.0234375
0 0.32734375 0.3109375 0.0078125 0.009375
0 0.725 0.31875 0.009375 0.01171875
0 0.45546875 0.81171875 0.0125 0.0171875