0 0.040625 0.00703125 0.028125 0.0140625
0 0.30703125 0.01875 0.034375 0.0375
0 0.67109375 0.0453125 0.228125 0.08984375
0 0.5171875 0.04609375 0.0453125 0.0921875
0 0.57734375 0.13125 0.11875 0.084375
0 0.61875 0.2515625 0.1265625 0.103125
0 0.60859375 0.18671875 0.0203125 0.03125
0 0.43359375 0.10078125 0.0640625 0.0765625
0 0.28515625 0.075 0.021875 0.025
0 0.0890625 0.23515625 0.1140625 0.1703125
0 0.103125 0.10625 0.0765625 0.08203125
0 0.05390625 0.11640625 0.0171875 0.015625
0 0.30859375 0.2125 0.134375 0.1796875
0 0.36484375 0.3609375 0.0828125 0.115625
0 0.39375 0.2796875 0.0359375 0.046875
0 0.228125 0.18828125 0.01875 0.0546875
0 0.2234375 0.14921875 0.009375 0.015625
0 0.20234375 0.1953125 0.0140625 0.0296875
0 0.19375 0.171875 0.0125 0.01171875
0 0.3859375 0.1453125 0.0125 0.01953125
0 0.46953125 0.23359375 0.1140625 0.1171875
0 0.33828125 0.48828125 0.1984375 0.1171875
0 0.4703125 0.47578125 0.0671875 0.1328125
0 0.53046875 0.46171875 0.05625 0.084375
0 0.5265625 0.4046875 0.0109375 0.01171875
0 0.5109375 0.4015625 0.009375 0.0140625
0 0.28359375 0.34765625 0.009375 0.0140625
0 0.1640625 0.29296875 0.025 0.0375
0 0.159375 0.1484375 0.0125 0.015625
0 0.178125 0.1703125 0.0125 0.015625
0 0.85859375 0.09375 0.13125 0.178125
0 0.2046875 0.4484375 0.04375 0.05078125
0 0.20390625 0.603125 0.0609375 0.228125
0 0.15546875 0.58671875 0.034375 0.07421875
0 0.159375 0.6875 0.0234375 0.05078125
0 0.2484375 0.678125 0.028125 0.078125
0 0.24140625 0.73515625 0.0328125 0.0375
0 0.3234375 0.628125 0.0765625 0.1234375
0 0.34765625 0.7953125 0.1421875 0.2125
0 0.44296875 0.746875 0.0515625 0.09375
0 0.7765625 0.1625 0.0328125 0.02734375
0 0.85390625 0.2421875 0.1078125 0.0921875
0 0.93125 0.253125 0.0328125 0.046875
0 0.91796875 0.20703125 0.0078125 0.0140625
0 0.7921875 0.24375 0.00625 0.0171875
0 0.74609375 0.1671875 0.0078125 0.009375
0 0.94921875 0.446875 0.09375 0.24609375
0 0.88828125 0.37421875 0.028125 0.0328125
0 0.85625 0.52265625 0.0921875 0.109375
0 0.93203125 0.69375 0.0984375 0.08984375
0 0.9640625 0.60859375 0.0671875 0.0765625
0 0.75625 0.5609375 0.0765625 0.0765625
0 0.69375 0.5296875 0.0203125 0.0171875
0 0.79296875 0.6515625 0.09375 0.06640625
0 0.81953125 0.71875 0.0765625 0.06640625
0 0.7296875 0.709375 0.04375 0.0453125
0 0.725 0.6265625 0.04375 0.046875
0 0.696875 0.628125 0.009375 0.015625
0 0.52578125 0.74375 0.0921875 0.13125
0 0.46796875 0.6703125 0.03125 0.0390625
0 0.57578125 0.6203125 0.028125 0.0375
0 0.6234375 0.6484375 0.053125 0.05078125
0 0.6296875 0.69140625 0.025 0.0328125
0 0.659375 0.67890625 0.01875 0.025
0 0.46484375 0.98203125 0.0359375 0.0359375
0 0.428125 0.99296875 0.0109375 0.0140625
0 0.41953125 0.97578125 0.0109375 0.015625
0 0.63046875 0.984375 0.0578125 0.03125
0 0.74453125 0.8359375 0.0375 0.046875
0 0.79375 0.8703125 0.0203125 0.021875
0 0.82265625 0.8515625 0.021875 0.03515625
0 0.98515625 0.8140625 0.0296875 0.0546875
0 0.7984375 0.79296875 0.053125 0.03125
0 0.80078125 0.7640625 0.0171875 0.025
0 0.64921875 0.60625 0.0140625 0.0140625
0 0.64609375 0.50078125 0.0109375 0.01171875
0 0.56796875 0.5328125 0.0203125 0.015625
0 0.528125 0.52421875 0.00625 0.0078125
0 0.865625 0.96015625 0.1515625 0.0796875
0 0.775 0.959375 0.0140625 0.021875
0 0.75859375 0.9875 0.028125 0.025
0 0.88203125 0.90234375 0.040625 0.02734375
0 0.8796875 0.1890625 0.009375 0.01171875