0 0.1859375 0.9796875 0.0796875 0.040625
0 0.0203125 0.76953125 0.040625 0.16796875
0 0.59609375 0.92578125 0.103125 0.1484375
0 0.78125 0.96875 0.1546875 0.0625
0 0.71328125 0.55859375 0.184375 0.1875
0 0.865625 0.57421875 0.121875 0.1421875
0 0.9640625 0.63125 0.071875 0.1734375
0 0.81953125 0.7046875 0.209375 0.0953125
0 0.9359375 0.86875 0.128125 0.23046875
0 0.9359375 0.7375 0.0203125 0.02734375
0 0.6828125 0.7875 0.071875 0.2046875
0 0.64453125 0.79609375 0.009375 0.01953125
0 0.7734375 0.80859375 0.1140625 0.11328125
0 0.20859375 0.6828125 0.2015625 0.1578125
0 0.0484375 0.478125 0.096875 0.3203125
0 0.1359375 0.4578125 0.0796875 0.2265625
0 0.025 0.2875 0.0484375 0.0609375
0 0.2390625 0.359375 0.121875 0.11875
0 0.1671875 0.3328125 0.0171875 0.0234375
0 0.240625 0.271875 0.0921875 0.053125
0 0.28359375 0.2140625 0.084375 0.0609375
0 0.10703125 0.1890625 0.0328125 0.0453125
0 0.1859375 0.146875 0.1015625 0.0640625
0 0.053125 0.0703125 0.10625 0.1234375
0 0.15078125 0.04296875 0.0875 0.0859375
0 0.225 0.0140625 0.0328125 0.025
0 0.2796875 0.05 0.0796875 0.046875
0 0.3078125 0.125 0.0296875 0.053125
0 0.39921875 0.05 0.1078125 0.1
0 0.45078125 0.1484375 0.06875 0.0609375
0 0.64296875 0.23125 0.0578125 0.0453125
0 0.959375 0.2578125 0.08125 0.134375
0 0.9859375 0.00390625 0.028125 0.0078125
0 0.29140625 0.00390625 0.0078125 0.0078125
0 0.48046875 0.953125 0.025 0.015625
0 0.3859375 0.975 0.0078125 0.0140625
0 0.5203125 0.4484375 0.2046875 0.1328125
0 0.428125 0.5203125 0.0078125 0.009375
0 0.3328125 0.6296875 0.009375 0.009375
0 0.40703125 0.32421875 0.1515625 0.1109375
0 0.38203125 0.4203125 0.0734375 0.0796875
0 0.3296875 0.4703125 0.015625 0.0296875
0 0.3109375 0.384375 0.0125 0.0140625
0 0.49140625 0.359375 0.0140625 0.0171875
0 0.41328125 0.23125 0.0953125 0.078125
0 0.9953125 0.1328125 0.009375 0.03125