0 0.10859375 0.98359375 0.0484375 0.0328125
0 0.89453125 0.09375 0.128125 0.08984375
0 0.98046875 0.1375 0.0328125 0.02734375
0 0.99140625 0.2015625 0.0171875 0.03515625
0 0.928125 0.2140625 0.06875 0.0375
0 0.9328125 0.421875 0.134375 0.1390625
0 0.8546875 0.7359375 0.2703125 0.21484375
0 0.55546875 0.69609375 0.2140625 0.16796875
0 0.7390625 0.40625 0.253125 0.3984375
0 0.87578125 0.5578125 0.01875 0.046875
0 0.603125 0.2234375 0.009375 0.0171875
0 0.49921875 0.4890625 0.0796875 0.109375
0 0.428125 0.54765625 0.0484375 0.04296875
0 0.45 0.50703125 0.009375 0.01171875
0 0.20859375 0.63359375 0.28125 0.271875
0 0.32421875 0.88359375 0.2015625 0.22265625
0 0.38671875 0.72265625 0.0640625 0.08984375
0 0.146875 0.821875 0.025 0.0171875
0 0.02421875 0.51171875 0.0140625 0.0171875
0 0.03671875 0.54296875 0.0109375 0.021875
0 0.32734375 0.36640625 0.0765625 0.16015625
0 0.27109375 0.28046875 0.071875 0.0703125
0 0.74765625 0.025 0.1046875 0.05
0 0.828125 0.00390625 0.0375 0.0078125
0 0.6875 0.0640625 0.0890625 0.021875
0 0.65625 0.1 0.0421875 0.0234375
0 0.5359375 0.03046875 0.11875 0.0609375
0 0.6140625 0.021875 0.021875 0.0234375
0 0.64453125 0.025 0.0125 0.0234375
0 0.65546875 0.00390625 0.0203125 0.0078125
0 0.73125 0.0953125 0.0109375 0.01171875
0 0.83984375 0.0203125 0.009375 0.015625
0 0.4875 0.159375 0.0796875 0.0640625
0 0.55625 0.19609375 0.028125 0.02734375
0 0.44453125 0.0234375 0.0640625 0.046875
0 0.4328125 0.096875 0.0265625 0.0703125
0 0.4 0.0390625 0.01875 0.03125
0 0.33203125 0.0140625 0.0609375 0.02734375
0 0.37265625 0.0984375 0.0421875 0.053125
0 0.2609375 0.0859375 0.090625 0.165625
0 0.19140625 0.15703125 0.053125 0.115625
0 0.15546875 0.0640625 0.0890625 0.07421875
0 0.2 0.00625 0.028125 0.01171875
0 0.05546875 0.11015625 0.1109375 0.15
0 0.084375 0.23359375 0.0875 0.08984375
0 0.11640625 0.1671875 0.0140625 0.0375
0 0.1484375 0.16796875 0.0171875 0.0171875
0 0.1359375 0.3203125 0.0234375 0.0171875
0 0.23203125 0.42890625 0.0140625 0.021875
0 0.3328125 0.10859375 0.0125 0.0171875
0 0.678125 0.1625 0.0140625 0.01171875
0 0.74921875 0.184375 0.015625 0.01171875
0 0.56015625 0.34453125 0.0140625 0.0171875
0 0.26640625 0.46015625 0.015625 0.015625
0 0.253125 0.4484375 0.0109375 0.0140625
0 0.0109375 0.4484375 0.0125 0.0171875
0 0.4140625 0.17578125 0.009375 0.0140625
0 0.78046875 0.1109375 0.0171875 0.0171875