0 0.08125 0.125 0.1203125 0.24609375
0 0.15703125 0.2171875 0.025 0.0328125
0 0.92109375 0.0640625 0.1578125 0.128125
0 0.909375 0.19375 0.10625 0.0859375
0 0.978125 0.16015625 0.0125 0.015625
0 0.98828125 0.2078125 0.0234375 0.0375
0 0.82578125 0.10625 0.0328125 0.0390625
0 0.79765625 0.0171875 0.0734375 0.034375
0 0.61640625 0.0546875 0.1359375 0.109375
0 0.71796875 0.00625 0.071875 0.01171875
0 0.65234375 0.19609375 0.140625 0.125
0 0.64921875 0.121875 0.0140625 0.0171875
0 0.45546875 0.0265625 0.0625 0.053125
0 0.41015625 0.06875 0.0328125 0.025
0 0.490625 0.1671875 0.1203125 0.11875
0 0.2984375 0.1359375 0.159375 0.19375
0 0.3796875 0.30078125 0.103125 0.1328125
0 0.4 0.20390625 0.04375 0.0609375
0 0.2015625 0.09453125 0.0296875 0.0546875
0 0.18046875 0.08671875 0.0140625 0.0171875
0 0.284375 0.28125 0.0171875 0.0171875
0 0.1828125 0.57890625 0.1421875 0.2828125
0 0.32734375 0.43046875 0.1453125 0.1171875
0 0.19609375 0.38359375 0.0484375 0.053125
0 0.240625 0.415625 0.028125 0.0296875
0 0.49453125 0.43125 0.1875 0.134375
0 0.4828125 0.359375 0.028125 0.009375
0 0.5515625 0.35625 0.009375 0.0171875
0 0.325 0.584375 0.1015625 0.1265625
0 0.33671875 0.77421875 0.1515625 0.25
0 0.44765625 0.7203125 0.075 0.1109375
0 0.5515625 0.72578125 0.1296875 0.15234375
0 0.471875 0.6421875 0.0390625 0.0390625
0 0.5984375 0.58984375 0.0375 0.040625
0 0.6671875 0.65 0.075 0.115625
0 0.93046875 0.9484375 0.1078125 0.103125
0 0.8578125 0.96953125 0.0375 0.0609375
0 0.64375 0.9875 0.0453125 0.025
0 0.46328125 0.98203125 0.0359375 0.0359375
0 0.96640625 0.42109375 0.0671875 0.259375
0 0.896875 0.4984375 0.06875 0.11875
0 0.96796875 0.6703125 0.0640625 0.1421875
0 0.79921875 0.534375 0.0796875 0.08203125
0 0.72734375 0.49609375 0.0140625 0.015625
0 0.7984375 0.621875 0.1609375 0.0796875
0 0.8625 0.7359375 0.1078125 0.14453125
0 0.83359375 0.8734375 0.0171875 0.0453125
0 0.86015625 0.8578125 0.0234375 0.0375
0 0.765625 0.69609375 0.053125 0.0609375
0 0.7734375 0.834375 0.0375 0.046875
0 0.796875 0.98203125 0.040625 0.0359375
0 0.96171875 0.82109375 0.0125 0.015625
0 0.3015625 0.003125 0.009375 0.00625
0 0.67890625 0.4640625 0.0078125 0.009375
0 0.67890625 0.575 0.009375 0.0140625
0 0.4203125 0.98046875 0.0140625 0.0390625
0 0.84296875 0.19375 0.0078125 0.0078125
0 0.9546875 0.2546875 0.009375 0.01171875