0 0.67109375 0.94609375 0.215625 0.1078125
0 0.06328125 0.80625 0.1265625 0.1234375
0 0.0796875 0.61796875 0.065625 0.08203125
0 0.234375 0.89765625 0.190625 0.2046875
0 0.3640625 0.9609375 0.0296875 0.046875
0 0.01640625 0.65625 0.0328125 0.04296875
0 0.01484375 0.47734375 0.0296875 0.071875
0 0.0296875 0.38984375 0.059375 0.06640625
0 0.30625 0.559375 0.26875 0.43359375
0 0.45546875 0.4078125 0.0296875 0.021875
0 0.54140625 0.60234375 0.20625 0.1546875
0 0.55078125 0.69921875 0.0640625 0.03515625
0 0.5296875 0.8140625 0.0828125 0.0390625
0 0.74375 0.678125 0.1703125 0.390625
0 0.6140625 0.8234375 0.0765625 0.08984375
0 0.6421875 0.7625 0.0265625 0.02734375
0 0.6484375 0.71015625 0.015625 0.0453125
0 0.94296875 0.5625 0.0953125 0.0796875
0 0.9640625 0.40703125 0.071875 0.15234375
0 0.54921875 0.95703125 0.009375 0.015625
0 0.8328125 0.3453125 0.0921875 0.0625
0 0.7828125 0.44375 0.0609375 0.04296875
0 0.67734375 0.390625 0.0765625 0.0765625
0 0.59375 0.375 0.04375 0.0328125
0 0.82890625 0.26953125 0.0328125 0.02734375
0 0.775 0.325 0.0125 0.01171875
0 0.67421875 0.24375 0.228125 0.1171875
0 0.89765625 0.12421875 0.0515625 0.0765625
0 0.91328125 0.290625 0.0171875 0.015625
0 0.5671875 0.134375 0.078125 0.103125
0 0.61953125 0.12109375 0.0140625 0.01953125
0 0.67109375 0.1015625 0.0515625 0.046875
0 0.35625 0.03046875 0.0640625 0.05859375
0 0.39296875 0.06328125 0.009375 0.03515625
0 0.49140625 0.0890625 0.0671875 0.040625
0 0.50078125 0.13984375 0.0140625 0.015625
0 0.35625 0.134375 0.1203125 0.09765625
0 0.425 0.140625 0.0125 0.0171875
0 0.42109375 0.1984375 0.0375 0.021875
0 0.47578125 0.1921875 0.0171875 0.0171875
0 0.13359375 0.1421875 0.059375 0.0953125
0 0.19765625 0.04765625 0.0234375 0.01953125
0 0.23203125 0.03046875 0.025 0.025
0 0.26015625 0.1171875 0.0671875 0.08984375
0 0.26640625 0.0453125 0.0171875 0.021875
0 0.0140625 0.028125 0.0171875 0.0234375
0 0.07265625 0.2203125 0.05 0.1390625
0 0.14296875 0.215625 0.09375 0.0484375
0 0.2234375 0.27265625 0.0453125 0.0921875
0 0.23125 0.19609375 0.0296875 0.046875
0 0.00625 0.1859375 0.0125 0.0484375
0 0.02890625 0.240625 0.0171875 0.021875
0 0.0125 0.290625 0.025 0.05078125
0 0.32109375 0.26640625 0.0140625 0.0140625
0 0.49921875 0.2453125 0.0125 0.01171875
0 0.37734375 0.31328125 0.0171875 0.03125
0 0.42421875 0.33203125 0.0140625 0.01171875
0 0.84609375 0.99375 0.0375 0.01171875
0 0.1 0.10078125 0.0078125 0.015625