0 0.3140625 0.5 0.2125 0.2203125
0 0.1046875 0.66328125 0.209375 0.31640625
0 0.240625 0.6921875 0.0671875 0.1625
0 0.06953125 0.84296875 0.0453125 0.04296875
0 0.09609375 0.42265625 0.1921875 0.1640625
0 0.428125 0.3171875 0.0828125 0.0875
0 0.584375 0.51640625 0.303125 0.3109375
0 0.5703125 0.32890625 0.203125 0.06640625
0 0.7078125 0.22265625 0.0609375 0.084375
0 0.85703125 0.37421875 0.1390625 0.25
0 0.99296875 0.47734375 0.0125 0.0140625
0 0.99140625 0.2703125 0.0171875 0.04296875
0 0.9765625 0.07890625 0.028125 0.0296875
0 0.69765625 0.040625 0.04375 0.03125
0 0.60078125 0.015625 0.0171875 0.0171875
0 0.44609375 0.03828125 0.0203125 0.0375
0 0.3734375 0.0125 0.090625 0.025
0 0.01484375 0.00390625 0.0265625 0.0078125
0 0.06640625 0.0046875 0.0125 0.009375
0 0.13515625 0.003125 0.015625 0.00625
0 0.10859375 0.2015625 0.196875 0.2515625
0 0.22265625 0.115625 0.0125 0.015625
0 0.51015625 0.9421875 0.0125 0.015625
0 0.88203125 0.22265625 0.0171875 0.01953125
0 0.86953125 0.0078125 0.0125 0.015625