0 0.46171875 0.98359375 0.034375 0.0328125
0 0.42578125 0.984375 0.015625 0.03125
0 0.63359375 0.98515625 0.05 0.0296875
0 0.86796875 0.96796875 0.1390625 0.0640625
0 0.8796875 0.9140625 0.0328125 0.0390625
0 0.75625 0.98984375 0.01875 0.0203125
0 0.775 0.971875 0.0171875 0.01953125
0 0.98515625 0.834375 0.0296875 0.0609375
0 0.6859375 0.046875 0.23125 0.09375
0 0.5375 0.0453125 0.059375 0.08984375
0 0.88359375 0.1046875 0.153125 0.178125
0 0.78671875 0.165625 0.0375 0.03515625
0 0.8640625 0.2515625 0.10625 0.0859375
0 0.94140625 0.2625 0.0328125 0.04296875
0 0.9328125 0.215625 0.0078125 0.01171875
0 0.58984375 0.134375 0.125 0.0875
0 0.4484375 0.09296875 0.0625 0.07421875
0 0.321875 0.01953125 0.03125 0.0390625
0 0.1 0.18046875 0.11875 0.2578125
0 0.16953125 0.2859375 0.01875 0.025
0 0.6296875 0.24375 0.1234375 0.134375
0 0.47890625 0.23515625 0.1078125 0.109375
0 0.4046875 0.1375 0.0296875 0.02734375
0 0.29375 0.0609375 0.0125 0.01171875
0 0.3203125 0.4765625 0.14375 0.1078125
0 0.371875 0.35625 0.0921875 0.12109375
0 0.30078125 0.18125 0.1484375 0.1390625
0 0.3375 0.27421875 0.1609375 0.04296875
0 0.2109375 0.17265625 0.0296875 0.05625
0 0.18828125 0.15703125 0.0125 0.0171875
0 0.1703125 0.1390625 0.0140625 0.0140625
0 0.38203125 0.24140625 0.0140625 0.015625
0 0.44609375 0.49296875 0.10625 0.1
0 0.48359375 0.42265625 0.04375 0.0375
0 0.51875 0.47265625 0.0421875 0.06640625
0 0.553125 0.446875 0.025 0.05078125
0 0.53515625 0.4109375 0.01875 0.01953125
0 0.5703125 0.53203125 0.028125 0.01953125
0 0.69921875 0.5359375 0.0234375 0.0234375
0 0.9421875 0.471875 0.115625 0.2671875
0 0.93359375 0.7109375 0.090625 0.0875
0 0.9671875 0.6390625 0.065625 0.0625
0 0.84921875 0.5390625 0.0640625 0.115625
0 0.76484375 0.56640625 0.0703125 0.0703125
0 0.21171875 0.44140625 0.0453125 0.046875
0 0.19140625 0.60234375 0.096875 0.228125
0 0.25546875 0.6859375 0.0328125 0.109375
0 0.23125 0.73046875 0.0171875 0.02734375
0 0.32890625 0.62109375 0.084375 0.115625
0 0.346875 0.78828125 0.1421875 0.2171875
0 0.44609375 0.740625 0.053125 0.0875
0 0.53828125 0.73828125 0.10625 0.13125
0 0.4703125 0.675 0.0296875 0.04296875
0 0.5796875 0.6203125 0.028125 0.040625
0 0.6421875 0.67578125 0.0640625 0.10546875
0 0.77421875 0.64921875 0.13125 0.0703125
0 0.82109375 0.759375 0.096875 0.1390625
0 0.734375 0.715625 0.05 0.046875
0 0.69609375 0.6265625 0.01875 0.03125
0 0.65234375 0.609375 0.009375 0.0140625
0 0.5359375 0.52421875 0.0125 0.01171875
0 0.65234375 0.50625 0.009375 0.0140625
0 0.29375 0.33984375 0.0140625 0.0171875
0 0.278125 0.04765625 0.0125 0.0140625
0 0.80390625 0.25 0.009375 0.01171875
0 0.74453125 0.84453125 0.03125 0.05078125
0 0.79375 0.8765625 0.0140625 0.0296875
0 0.81953125 0.8578125 0.025 0.040625
0 0.009375 0.03125 0.01875 0.0625
0 0.9125 0.8265625 0.0078125 0.015625