0 0.0671875 0.2953125 0.0546875 0.02734375
0 0.05390625 0.55 0.10625 0.16796875
0 0.7703125 0.4953125 0.146875 0.1796875
0 0.96171875 0.50703125 0.0765625 0.11875
0 0.93828125 0.72265625 0.0984375 0.115625
0 0.99453125 0.8046875 0.0109375 0.025
0 0.86796875 0.93671875 0.2078125 0.1265625
0 0.7390625 0.7484375 0.078125 0.0765625
0 0.95390625 0.04765625 0.0921875 0.0953125
0 0.93515625 0.14765625 0.1296875 0.09375
0 0.93359375 0.26953125 0.0609375 0.0609375
0 0.99609375 0.3609375 0.0078125 0.03125
0 0.87890625 0.565625 0.009375 0.01953125
0 0.84453125 0.015625 0.1203125 0.03125
0 0.86796875 0.06171875 0.040625 0.0453125
0 0.78203125 0.07421875 0.0234375 0.021875
0 0.55625 0.08203125 0.38125 0.1640625
0 0.4328125 0.20390625 0.134375 0.07421875
0 0.34296875 0.1734375 0.0421875 0.1078125
0 0.684375 0.86640625 0.0125 0.015625
0 0.38203125 0.6625 0.46875 0.4359375
0 0.45625 0.93828125 0.184375 0.1234375
0 0.25703125 0.9453125 0.109375 0.109375
0 0.34453125 0.91328125 0.0171875 0.0171875
0 0.434375 0.4125 0.1609375 0.06640625
0 0.85390625 0.809375 0.0234375 0.025
0 0.834375 0.7765625 0.009375 0.0171875