0 0.040625 0.80625 0.08125 0.1
0 0.03046875 0.63984375 0.0609375 0.078125
0 0.01875 0.22734375 0.0375 0.1328125
0 0.06875 0.1484375 0.0640625 0.1015625
0 0.0453125 0.23125 0.0171875 0.015625
0 0.090625 0.234375 0.053125 0.0453125
0 0.6296875 0.94609375 0.2125 0.1078125
0 0.80078125 0.9875 0.0484375 0.025
0 0.70703125 0.884375 0.0125 0.01171875
0 0.19609375 0.90546875 0.1890625 0.1890625
0 0.8890625 0.5390625 0.090625 0.08203125
0 0.90703125 0.59375 0.0171875 0.01171875
0 0.98203125 0.1921875 0.0359375 0.0375
0 0.965625 0.09375 0.0203125 0.0171875
0 0.3671875 0.58984375 0.453125 0.18359375
0 0.6859375 0.7109375 0.190625 0.3203125
0 0.56796875 0.81640625 0.0484375 0.078125
0 0.5046875 0.81328125 0.075 0.03515625
0 0.50078125 0.6921875 0.0671875 0.021875
0 0.1625 0.7234375 0.0703125 0.0859375
0 0.24921875 0.7375 0.084375 0.109375
0 0.28359375 0.43046875 0.1921875 0.13671875
0 0.396875 0.40703125 0.0234375 0.0171875
0 0.67265625 0.503125 0.1015625 0.0859375
0 0.73125 0.43125 0.0390625 0.0453125
0 0.9109375 0.3890625 0.0765625 0.1328125
0 0.7953125 0.33125 0.059375 0.06640625
0 0.3078125 0.0453125 0.1 0.08984375
0 0.1671875 0.0390625 0.025 0.021875
0 0.2046875 0.0515625 0.01875 0.025
0 0.13046875 0.05625 0.0125 0.015625
0 0.20390625 0.12421875 0.078125 0.09375
0 0.3015625 0.1359375 0.1125 0.0875
0 0.42578125 0.0921875 0.071875 0.0453125
0 0.50234375 0.1359375 0.0765625 0.1078125
0 0.55859375 0.11015625 0.0171875 0.01953125
0 0.6203125 0.08203125 0.0703125 0.0703125
0 0.16328125 0.28125 0.0453125 0.0859375
0 0.36796875 0.1984375 0.04375 0.0234375
0 0.4203125 0.19140625 0.03125 0.0171875
0 0.6140625 0.240625 0.2265625 0.103125
0 0.61171875 0.18359375 0.015625 0.01171875
0 0.6703125 0.1765625 0.0328125 0.021875
0 0.77265625 0.2578125 0.0359375 0.0296875
0 0.8515625 0.2765625 0.025 0.02734375
0 0.83671875 0.09375 0.0140625 0.0171875
0 0.8859375 0.31328125 0.015625 0.01171875
0 0.7484375 0.31953125 0.0296875 0.021875
0 0.6234375 0.37421875 0.096875 0.08203125
0 0.5421875 0.36875 0.0421875 0.03515625
0 0.3546875 0.23359375 0.0296875 0.0171875
0 0.4421875 0.13984375 0.0140625 0.01953125
0 0.36640625 0.140625 0.0125 0.0171875
0 0.36640625 0.3328125 0.009375 0.01171875
0 0.3421875 0.35 0.015625 0.0140625
0 0.31796875 0.984375 0.0109375 0.0140625
0 0.5078125 0.9515625 0.009375 0.0171875
0 0.16484375 0.2125 0.0125 0.0171875
0 0.1703125 0.18359375 0.0140625 0.01953125
0 0.2640625 0.27265625 0.0171875 0.0140625
0 0.41796875 0.228125 0.0125 0.01171875
0 0.22109375 0.17578125 0.00625 0.0078125
0 0.71796875 0.3109375 0.009375 0.0140625
0 0.24453125 0.2359375 0.0171875 0.01171875
0 0.95078125 0.09296875 0.0109375 0.015625
0 0.7015625 0.4421875 0.00625 0.01171875
0 0.33125 0.953125 0.009375 0.009375