0 0.025 0.97578125 0.05 0.0484375
0 0.08984375 0.99140625 0.0328125 0.0171875
0 0.04453125 0.6890625 0.0890625 0.33203125
0 0.1875 0.753125 0.16875 0.1171875
0 0.3671875 0.87578125 0.1765625 0.209375
0 0.27265625 0.8390625 0.0140625 0.0296875
0 0.47109375 0.9640625 0.0234375 0.025
0 0.49296875 0.940625 0.0171875 0.015625
0 0.79453125 0.96953125 0.20625 0.0609375
0 0.475 0.5578125 0.3171875 0.4234375
0 0.70546875 0.63984375 0.146875 0.1890625
0 0.87734375 0.7140625 0.1875 0.396875
0 0.75078125 0.83515625 0.0671875 0.12109375
0 0.68046875 0.8328125 0.071875 0.0453125
0 0.66875 0.97265625 0.0125 0.0140625
0 0.62734375 0.81640625 0.0140625 0.015625
0 0.95078125 0.48125 0.0546875 0.0546875
0 0.83828125 0.41875 0.0828125 0.0765625
0 0.76484375 0.396875 0.0453125 0.0296875
0 0.98046875 0.39140625 0.0390625 0.05078125
0 0.94453125 0.3640625 0.0109375 0.015625
0 0.99140625 0.3140625 0.0171875 0.0296875
0 0.8421875 0.27265625 0.2140625 0.1171875
0 0.74140625 0.15234375 0.0859375 0.115625
0 0.80234375 0.13984375 0.0203125 0.015625
0 0.85078125 0.1265625 0.046875 0.04296875
0 0.23359375 0.58515625 0.06875 0.0765625
0 0.16328125 0.6109375 0.0359375 0.0375
0 0.16640625 0.43671875 0.046875 0.0703125
0 0.18203125 0.35234375 0.071875 0.06640625
0 0.01640625 0.2953125 0.0328125 0.053125
0 0.0109375 0.10546875 0.021875 0.0296875
0 0.5453125 0.03203125 0.0734375 0.0640625
0 0.534375 0.11796875 0.13125 0.1078125
0 0.6 0.1984375 0.0328125 0.01953125
0 0.6078125 0.14921875 0.0171875 0.0234375
0 0.68359375 0.096875 0.0265625 0.03515625
0 0.70546875 0.08671875 0.0109375 0.01171875
0 0.646875 0.1046875 0.0328125 0.02734375
0 0.65390625 0.196875 0.0234375 0.021875
0 0.24296875 0.1859375 0.0578125 0.1265625
0 0.32890625 0.196875 0.0484375 0.05078125
0 0.4015625 0.2703125 0.0359375 0.05859375
0 0.38671875 0.21953125 0.0234375 0.0296875
0 0.4328125 0.12421875 0.0671875 0.11875
0 0.40234375 0.1921875 0.0171875 0.021875
0 0.41484375 0.01953125 0.028125 0.025
0 0.3109375 0.1171875 0.0578125 0.084375
0 0.08671875 0.2125 0.0703125 0.209375
0 0.1578125 0.13125 0.065625 0.0953125
0 0.15078125 0.2203125 0.0265625 0.02734375
0 0.18671875 0.253125 0.0390625 0.0453125
0 0.20546875 0.20625 0.0078125 0.025
0 0.03203125 0.18359375 0.0140625 0.0234375
0 0.1171875 0.05 0.028125 0.0296875
0 0.034375 0.00625 0.03125 0.01171875
0 0.01953125 0.0671875 0.015625 0.021875
0 0.015625 0.17265625 0.0125 0.0171875
0 0.28359375 0.190625 0.0125 0.015625
0 0.59140625 0.33515625 0.015625 0.0171875
0 0.58515625 0.2296875 0.0203125 0.01953125
0 0.49609375 0.25859375 0.0125 0.0140625
0 0.0953125 0.49140625 0.0171875 0.0453125
0 0.08203125 0.3640625 0.0125 0.0171875
0 0.94296875 0.99375 0.0140625 0.01171875