0 0.1015625 0.678125 0.203125 0.30625
0 0.30859375 0.49921875 0.215625 0.20703125
0 0.2359375 0.6953125 0.0640625 0.1796875
0 0.06953125 0.85078125 0.0375 0.0390625
0 0.096875 0.4359375 0.19375 0.17578125
0 0.1140625 0.2140625 0.2171875 0.26171875
0 0.3453125 0.015625 0.13125 0.03125
0 0.4359375 0.03515625 0.025 0.03125
0 0.590625 0.01484375 0.0171875 0.021875
0 0.68359375 0.040625 0.040625 0.0296875
0 0.96796875 0.07421875 0.0296875 0.0296875
0 0.98125 0.27265625 0.021875 0.040625
0 0.98671875 0.46796875 0.009375 0.015625
0 0.85546875 0.371875 0.1546875 0.24375
0 0.875 0.2140625 0.0171875 0.0171875
0 0.7015625 0.22265625 0.059375 0.0796875
0 0.58359375 0.47734375 0.271875 0.4234375
0 0.41875 0.3234375 0.0625 0.0953125
0 0.01171875 0.0125 0.0234375 0.025
0 0.05390625 0.0140625 0.025 0.02734375
0 0.12421875 0.0046875 0.0921875 0.009375
0 0.8609375 0.00390625 0.01875 0.0078125