0 0.23359375 0.94453125 0.1578125 0.1109375
0 0.77421875 0.73828125 0.15625 0.271875
0 0.8515625 0.5734375 0.0359375 0.05625
0 0.94453125 0.425 0.1109375 0.20703125
0 0.85859375 0.2015625 0.1984375 0.2421875
0 0.83125 0.39921875 0.0921875 0.1578125
0 0.9796875 0.25 0.040625 0.1328125
0 0.86015625 0.0140625 0.0234375 0.02734375
0 0.553125 0.0171875 0.04375 0.034375
0 0.3015625 0.0328125 0.1125 0.065625
0 0.26328125 0.16484375 0.1078125 0.15234375
0 0.46796875 0.13671875 0.1875 0.15625
0 0.3546875 0.0984375 0.0171875 0.015625
0 0.37109375 0.24609375 0.0390625 0.05078125
0 0.42734375 0.29296875 0.071875 0.125
0 0.690625 0.26953125 0.084375 0.1078125
0 0.6953125 0.0546875 0.015625 0.01953125
0 0.57265625 0.25 0.1046875 0.0765625
0 0.5828125 0.2 0.0328125 0.0234375
0 0.59453125 0.35078125 0.06875 0.12109375
0 0.640625 0.29375 0.015625 0.03125
0 0.31484375 0.27265625 0.0609375 0.0609375
0 0.3328125 0.2234375 0.025 0.0328125
0 0.36484375 0.20625 0.0171875 0.0171875
0 0.28125 0.325 0.040625 0.03125
0 0.1609375 0.26875 0.0109375 0.0234375
0 0.175 0.253125 0.0078125 0.0171875
0 0.31796875 0.47265625 0.1765625 0.115625
0 0.1828125 0.56171875 0.053125 0.0484375
0 0.2703125 0.7296875 0.2796875 0.28125
0 0.06484375 0.51875 0.0359375 0.0609375
0 0.01875 0.4875 0.0109375 0.0171875
0 0.02578125 0.5921875 0.015625 0.01171875
0 0.0046875 0.74296875 0.009375 0.0296875
0 0.4015625 0.38984375 0.0140625 0.0140625
0 0.35390625 0.565625 0.015625 0.015625
0 0.22734375 0.40625 0.0125 0.015625
0 0.49375 0.0484375 0.0140625 0.0171875