0 0.03984375 0.0125 0.053125 0.025
0 0.04140625 0.7046875 0.0828125 0.35546875
0 0.05234375 0.96796875 0.0671875 0.0640625
0 0.27265625 0.9453125 0.1234375 0.109375
0 0.33046875 0.778125 0.1703125 0.18125
0 0.21796875 0.840625 0.053125 0.06640625
0 0.2359375 0.61640625 0.0453125 0.046875
0 0.13828125 0.578125 0.0328125 0.0375
0 0.1015625 0.63984375 0.015625 0.021875
0 0.3359375 0.54296875 0.1390625 0.12109375
0 0.71796875 0.7828125 0.13125 0.20703125
0 0.93203125 0.7484375 0.0140625 0.0140625
0 0.9921875 0.63125 0.015625 0.0296875
0 0.78203125 0.6453125 0.0328125 0.040625
0 0.746875 0.671875 0.0171875 0.0171875
0 0.90703125 0.778125 0.0140625 0.0171875
0 0.89921875 0.0921875 0.084375 0.10546875
0 0.9703125 0.2125 0.059375 0.1
0 0.97421875 0.45390625 0.0515625 0.2421875
0 0.8359375 0.42890625 0.228125 0.36875
0 0.34609375 0.10078125 0.134375 0.2015625
0 0.5484375 0.0890625 0.153125 0.178125
0 0.4421875 0.015625 0.0609375 0.03125
0 0.72578125 0.0953125 0.0703125 0.0796875
0 0.80546875 0.12890625 0.0125 0.0171875
0 0.66875 0.2015625 0.0140625 0.0140625
0 0.3046875 0.2796875 0.0875 0.12890625
0 0.44453125 0.334375 0.2 0.24609375
0 0.4984375 0.1921875 0.0125 0.0171875
0 0.5828125 0.3796875 0.071875 0.125
0 0.5875 0.4734375 0.0609375 0.06640625
0 0.6609375 0.38984375 0.06875 0.1
0 0.33359375 0.3828125 0.025 0.0484375
0 0.315625 0.428125 0.0375 0.0234375
0 0.2234375 0.3640625 0.0265625 0.0375
0 0.16328125 0.42890625 0.0125 0.0171875
0 0.09765625 0.5484375 0.0125 0.0171875
0 0.3734375 0.6265625 0.009375 0.0171875
0 0.4171875 0.48046875 0.0140625 0.01171875
0 0.81328125 0.16484375 0.0296875 0.021875
0 0.996875 0.01875 0.00625 0.0375
0 0.6765625 0.5671875 0.0140625 0.0234375
0 0.8765625 0.81328125 0.0171875 0.01953125