0 0.29375 0.94921875 0.1546875 0.1015625
0 0.13828125 0.9203125 0.0203125 0.02734375
0 0.7953125 0.8296875 0.2484375 0.1953125
0 0.909375 0.565625 0.18125 0.2015625
0 0.69453125 0.553125 0.2484375 0.359375
0 0.5203125 0.81328125 0.1984375 0.1640625
0 0.2 0.7734375 0.265625 0.25
0 0.3625 0.834375 0.053125 0.0796875
0 0.46640625 0.6359375 0.0671875 0.0859375
0 0.3984375 0.6875 0.0453125 0.040625
0 0.95859375 0.3703125 0.0578125 0.05859375
0 0.84921875 0.37890625 0.021875 0.03515625
0 0.903125 0.2671875 0.128125 0.09765625
0 0.80234375 0.27421875 0.0640625 0.084375
0 0.80390625 0.146875 0.1046875 0.0953125
0 0.2765625 0.4921875 0.1234375 0.1703125
0 0.2453125 0.60625 0.025 0.02734375
0 0.2203125 0.58203125 0.009375 0.0140625
0 0.06328125 0.3328125 0.125 0.2265625
0 0.2109375 0.28828125 0.1703125 0.2046875
0 0.05 0.14375 0.05625 0.0609375
0 0.18203125 0.10234375 0.06875 0.0625
0 0.1203125 0.165625 0.0140625 0.0171875
0 0.5046875 0.14921875 0.2640625 0.2203125
0 0.3421875 0.28828125 0.0609375 0.0546875
0 0.334375 0.2109375 0.075 0.040625
0 0.3328125 0.1375 0.065625 0.06640625
0 0.28515625 0.15546875 0.0296875 0.0375
0 0.29765625 0.07890625 0.0171875 0.025
0 0.409375 0.2921875 0.025 0.06640625
0 0.46640625 0.2765625 0.0203125 0.0390625
0 0.47578125 0.3515625 0.103125 0.06640625
0 0.56328125 0.39140625 0.009375 0.0171875
0 0.52265625 0.503125 0.0125 0.021875
0 0.7 0.2015625 0.10625 0.078125
0 0.65703125 0.25 0.0421875 0.0171875
0 0.61640625 0.28125 0.040625 0.04296875
0 0.72421875 0.29375 0.021875 0.03515625
0 0.94453125 0.8703125 0.0140625 0.01953125
0 0.0484375 0.68125 0.01875 0.02734375
0 0.03046875 0.653125 0.0140625 0.0234375
0 0.0046875 0.6484375 0.009375 0.0390625
0 0.1296875 0.49140625 0.0109375 0.0171875
0 0.3015625 0.596875 0.028125 0.0234375