0 0.2390625 0.94296875 0.15625 0.1140625
0 0.27578125 0.746875 0.2703125 0.23828125
0 0.1953125 0.57109375 0.0796875 0.0625
0 0.07109375 0.51640625 0.0296875 0.05078125
0 0.01875 0.4875 0.0109375 0.0140625
0 0.028125 0.59375 0.01875 0.0171875
0 0.05234375 0.53984375 0.0109375 0.0171875
0 0.003125 0.74375 0.00625 0.03125
0 0.29921875 0.03203125 0.1078125 0.0640625
0 0.55390625 0.0203125 0.0421875 0.040625
0 0.85703125 0.01171875 0.0359375 0.0234375
0 0.8546875 0.2140625 0.2046875 0.2421875
0 0.8265625 0.40625 0.08125 0.146875
0 0.9421875 0.43671875 0.115625 0.203125
0 0.978125 0.2609375 0.04375 0.14453125
0 0.99765625 0.03984375 0.0046875 0.01953125
0 0.69375 0.0578125 0.0140625 0.015625
0 0.465625 0.13984375 0.1734375 0.1890625
0 0.68828125 0.26484375 0.0875 0.1109375
0 0.26328125 0.159375 0.096875 0.16015625
0 0.35546875 0.10078125 0.01875 0.015625
0 0.32890625 0.253125 0.0328125 0.0953125
0 0.29609375 0.27421875 0.0328125 0.05625
0 0.27890625 0.328125 0.04375 0.0296875
0 0.15859375 0.26875 0.015625 0.0328125
0 0.09453125 0.34296875 0.0109375 0.0171875
0 0.3125 0.4734375 0.1640625 0.11875
0 0.42890625 0.2953125 0.0828125 0.1265625
0 0.36953125 0.2375 0.0234375 0.06875
0 0.58984375 0.24375 0.0703125 0.0953125
0 0.5953125 0.35546875 0.0671875 0.11875
0 0.52734375 0.2609375 0.0140625 0.0171875
0 0.55078125 0.265625 0.0140625 0.0296875
0 0.50078125 0.246875 0.0109375 0.0140625
0 0.85546875 0.5734375 0.0421875 0.05625
0 0.77890625 0.73125 0.15625 0.26171875
0 0.528125 0.9265625 0.0125 0.015625
0 0.40078125 0.3890625 0.009375 0.01171875