0 0.0453125 0.68125 0.090625 0.3203125
0 0.05703125 0.9734375 0.1109375 0.053125
0 0.01640625 0.29296875 0.0328125 0.06640625
0 0.0390625 0.009375 0.046875 0.01875
0 0.0234375 0.0890625 0.04375 0.0875
0 0.02890625 0.178125 0.03125 0.046875
0 0.1625 0.2 0.228125 0.2359375
0 0.11484375 0.05546875 0.0296875 0.040625
0 0.325 0.14765625 0.09375 0.1578125
0 0.0859375 0.36796875 0.025 0.0375
0 0.1 0.503125 0.025 0.03125
0 0.184375 0.35859375 0.08125 0.06875
0 0.16328125 0.60859375 0.0484375 0.05625
0 0.2328125 0.5875 0.06875 0.078125
0 0.18828125 0.75859375 0.1671875 0.1109375
0 0.4203125 0.0234375 0.090625 0.0390625
0 0.43046875 0.13125 0.090625 0.14453125
0 0.390625 0.86640625 0.2265625 0.228125
0 0.55859375 0.546875 0.4796875 0.40234375
0 0.5546875 0.03515625 0.08125 0.0703125
0 0.54921875 0.12578125 0.1328125 0.1078125
0 0.6171875 0.21171875 0.103125 0.0640625
0 0.671875 0.25703125 0.0203125 0.025
0 0.590625 0.33671875 0.015625 0.021875
0 0.7625 0.1421875 0.275 0.13671875
0 0.62421875 0.03515625 0.0234375 0.0703125
0 0.678125 0.009375 0.03125 0.01875
0 0.840625 0.2765625 0.228125 0.1234375
0 0.99296875 0.35859375 0.0140625 0.13125
0 0.9609375 0.37578125 0.046875 0.0453125
0 0.83828125 0.41796875 0.0796875 0.0921875
0 0.9375 0.49140625 0.0703125 0.040625
0 0.88671875 0.7203125 0.1859375 0.41796875
0 0.70625 0.834375 0.1765625 0.12890625
0 0.7765625 0.00625 0.025 0.01171875
0 0.28359375 0.0265625 0.0140625 0.0296875
0 0.7859375 0.971875 0.2015625 0.05625
0 0.39609375 0.2578125 0.0484375 0.10546875
0 0.4171875 0.3234375 0.0109375 0.01171875
0 0.1671875 0.44375 0.046875 0.0765625
0 0.14609375 0.5015625 0.0140625 0.0171875
0 0.78828125 0.75859375 0.009375 0.0140625