0 0.80859375 0.95 0.1890625 0.1
0 0.96171875 0.95625 0.0140625 0.0171875
0 0.69453125 0.94375 0.0421875 0.040625
0 0.1875 0.71796875 0.165625 0.10546875
0 0.3796875 0.84453125 0.16875 0.1875
0 0.4828125 0.928125 0.0171875 0.021875
0 0.50078125 0.90234375 0.015625 0.01953125
0 0.28046875 0.8015625 0.0140625 0.021875
0 0.03828125 0.95703125 0.0765625 0.0859375
0 0.09609375 0.97265625 0.025 0.0546875
0 0.0453125 0.653125 0.090625 0.3125
0 0.23515625 0.55 0.0609375 0.05859375
0 0.16875 0.5734375 0.0390625 0.0375
0 0.17109375 0.409375 0.0484375 0.0765625
0 0.18046875 0.3234375 0.0609375 0.06640625
0 0.553125 0.5234375 0.45625 0.3984375
0 0.7890625 0.36015625 0.0140625 0.021875
0 0.8546875 0.38125 0.0796875 0.0703125
0 0.88984375 0.67109375 0.178125 0.3890625
0 0.96171875 0.4609375 0.0359375 0.0296875
0 0.9296875 0.4546875 0.015625 0.015625
0 0.86015625 0.24296875 0.228125 0.115625
0 0.9765625 0.33671875 0.046875 0.03125
0 0.78984375 0.128125 0.1515625 0.10546875
0 0.5453125 0.1 0.10625 0.0859375
0 0.01796875 0.271875 0.0359375 0.05625
0 0.09140625 0.253125 0.06875 0.07421875
0 0.0890625 0.19453125 0.053125 0.03125
0 0.1765625 0.21484375 0.05625 0.0609375
0 0.09453125 0.14375 0.0421875 0.040625
0 0.01640625 0.0859375 0.028125 0.021875
0 0.0328125 0.05 0.0234375 0.02734375
0 0.76015625 0.80625 0.0796875 0.09375
0 0.68828125 0.790625 0.0640625 0.0390625
0 0.7921875 0.746875 0.015625 0.021875
0 0.14921875 0.475 0.0171875 0.025
0 0.03984375 0.15703125 0.01875 0.0140625
0 0.12421875 0.028125 0.0296875 0.025
0 0.00546875 0.0109375 0.0109375 0.021875
0 0.16015625 0.10859375 0.0796875 0.0921875
0 0.29453125 0.128125 0.1390625 0.178125
0 0.403125 0.24140625 0.0375 0.053125
0 0.40078125 0.18828125 0.021875 0.03125
0 0.4625 0.06640625 0.065625 0.040625
0 0.45 0.1015625 0.0296875 0.025
0 0.421875 0.1109375 0.015625 0.01171875
0 0.41640625 0.14765625 0.025 0.0375
0 0.50625 0.22578125 0.01875 0.0140625
0 0.5921875 0.20234375 0.025 0.025
0 0.52890625 0.01875 0.021875 0.0375
0 0.46015625 0.0140625 0.01875 0.02734375
0 0.4296875 0.00390625 0.0140625 0.0078125
0 0.3921875 0.00859375 0.0234375 0.0171875
0 0.67421875 0.0765625 0.0421875 0.0375
0 0.66484375 0.1703125 0.021875 0.021875
0 0.6828125 0.225 0.0109375 0.0140625
0 0.57109375 0.3109375 0.028125 0.02734375
0 0.6421875 0.07734375 0.0171875 0.015625
0 0.7140625 0.0640625 0.0125 0.015625
0 0.69140625 0.12578125 0.0140625 0.0296875
0 0.59921875 0.1703125 0.025 0.0296875
0 0.6046875 0.1171875 0.015625 0.0140625
0 0.5671875 0.015625 0.0203125 0.03125
0 0.58671875 0.0390625 0.0109375 0.02734375
0 0.640625 0.1234375 0.015625 0.0171875
0 0.5078125 0.0234375 0.015625 0.01953125