0 0.81171875 0.9484375 0.2140625 0.103125
0 0.90078125 0.721875 0.1984375 0.30625
0 0.76171875 0.80078125 0.078125 0.1234375
0 0.6890625 0.7953125 0.065625 0.05078125
0 0.36875 0.83671875 0.190625 0.196875
0 0.48828125 0.9171875 0.0515625 0.0453125
0 0.05625 0.95625 0.1125 0.0875
0 0.19140625 0.7125 0.1671875 0.10546875
0 0.0453125 0.65546875 0.090625 0.31875
0 0.553125 0.51484375 0.45625 0.3890625
0 0.20703125 0.5578125 0.1171875 0.0796875
0 0.89609375 0.515625 0.0984375 0.0859375
0 0.95859375 0.45 0.0390625 0.0484375
0 0.7890625 0.3609375 0.0125 0.03125
0 0.853125 0.38203125 0.084375 0.071875
0 0.978125 0.33515625 0.04375 0.0375
0 0.8609375 0.2390625 0.2265625 0.1109375
0 0.01875 0.2703125 0.0375 0.05625
0 0.1859375 0.37109375 0.065625 0.16015625
0 0.1546875 0.471875 0.025 0.0296875
0 0.09921875 0.453125 0.0234375 0.04296875
0 0.65390625 0.11328125 0.4453125 0.140625
0 0.409375 0.1921875 0.0484375 0.1578125
0 0.546875 0.01484375 0.0625 0.0296875
0 0.4640625 0.009375 0.021875 0.01875
0 0.39140625 0.0109375 0.0203125 0.021875
0 0.2109375 0.134375 0.3046875 0.16796875
0 0.09375 0.25390625 0.071875 0.06640625
0 0.1859375 0.2328125 0.028125 0.0234375
0 0.0359375 0.1609375 0.025 0.025
0 0.1359375 0.034375 0.025 0.021875
0 0.00859375 0.0125 0.0171875 0.025
0 0.025 0.078125 0.05 0.0625
0 0.09296875 0.33515625 0.0203125 0.025