0 0.0375 0.00859375 0.040625 0.0171875
0 0.3015625 0.0234375 0.0328125 0.046875
0 0.628125 0.04296875 0.2859375 0.0859375
0 0.57265625 0.12890625 0.1234375 0.08984375
0 0.84453125 0.0921875 0.115625 0.18125
0 0.77421875 0.15234375 0.028125 0.03125
0 0.8390625 0.23828125 0.115625 0.078125
0 0.925 0.2421875 0.0328125 0.04296875
0 0.9125 0.196875 0.009375 0.01171875
0 0.95 0.43828125 0.1 0.25390625
0 0.8859375 0.3671875 0.0296875 0.040625
0 0.85546875 0.515625 0.090625 0.11875
0 0.92890625 0.6875 0.0875 0.0859375
0 0.95390625 0.6046875 0.071875 0.078125
0 0.7546875 0.55 0.071875 0.071875
0 0.8171875 0.678125 0.06875 0.12890625
0 0.796875 0.775 0.0515625 0.05625
0 0.72890625 0.703125 0.0484375 0.05078125
0 0.7421875 0.6328125 0.0796875 0.06875
0 0.6375 0.6703125 0.0609375 0.103125
0 0.690625 0.5234375 0.0171875 0.0171875
0 0.42890625 0.096875 0.0625 0.06875
0 0.46640625 0.23125 0.1140625 0.125
0 0.61171875 0.24296875 0.1296875 0.1234375
0 0.08671875 0.240625 0.115625 0.1734375
0 0.10078125 0.10859375 0.0828125 0.08984375
0 0.046875 0.121875 0.0109375 0.015625
0 0.15390625 0.15 0.0140625 0.0171875
0 0.16015625 0.296875 0.021875 0.03515625
0 0.29921875 0.2171875 0.1234375 0.1734375
0 0.3625 0.3625 0.0875 0.12109375
0 0.38359375 0.2671875 0.0390625 0.0484375
0 0.2234375 0.18125 0.021875 0.0796875
0 0.2 0.196875 0.0140625 0.0296875
0 0.3875 0.14140625 0.021875 0.0171875
0 0.32890625 0.4859375 0.1671875 0.115625
0 0.45625 0.471875 0.0828125 0.13125
0 0.52421875 0.44453125 0.05625 0.109375
0 0.20390625 0.44375 0.0484375 0.0453125
0 0.20234375 0.60546875 0.0609375 0.234375
0 0.153125 0.5890625 0.0328125 0.0765625
0 0.1578125 0.68828125 0.021875 0.046875
0 0.2453125 0.6828125 0.0265625 0.0859375
0 0.2390625 0.7359375 0.0296875 0.0234375
0 0.32734375 0.625 0.0921875 0.1171875
0 0.3484375 0.7953125 0.1421875 0.2203125
0 0.4421875 0.73828125 0.05 0.084375
0 0.53359375 0.73359375 0.0921875 0.1390625
0 0.46796875 0.6671875 0.0328125 0.0453125
0 0.57734375 0.6109375 0.021875 0.021875
0 0.565625 0.53125 0.03125 0.021875
0 0.5265625 0.521875 0.009375 0.01171875
0 0.73828125 0.1609375 0.009375 0.015625
0 0.278125 0.07734375 0.0171875 0.0171875
0 0.74296875 0.8265625 0.03125 0.046875
0 0.79296875 0.86015625 0.0140625 0.021875
0 0.82265625 0.84296875 0.025 0.0390625
0 0.98359375 0.8109375 0.0328125 0.06640625
0 0.86796875 0.9546875 0.1484375 0.08984375
0 0.8828125 0.8921875 0.0265625 0.03515625
0 0.6359375 0.98125 0.103125 0.0375
0 0.76015625 0.978125 0.025 0.0296875
0 0.778125 0.95 0.015625 0.021875
0 0.46953125 0.98046875 0.0328125 0.0390625
0 0.4328125 0.990625 0.0125 0.0171875
0 0.4234375 0.96953125 0.0078125 0.01171875
0 0.18828125 0.17578125 0.0140625 0.0140625
0 0.1734375 0.1703125 0.0125 0.021875
0 0.6453125 0.6 0.0125 0.015625