0 0.04375 0.6921875 0.0875 0.328125
0 0.025 0.9765625 0.05 0.046875
0 0.084375 0.98984375 0.0375 0.0203125
0 0.18046875 0.759375 0.165625 0.1078125
0 0.359375 0.8796875 0.1859375 0.19375
0 0.4828125 0.95625 0.0296875 0.0375
0 0.78046875 0.96796875 0.2328125 0.0640625
0 0.2265625 0.584375 0.0609375 0.08203125
0 0.1609375 0.6109375 0.0328125 0.0390625
0 0.49140625 0.55625 0.2140625 0.428125
0 0.35078125 0.6359375 0.06875 0.19375
0 0.68984375 0.61640625 0.18125 0.1484375
0 0.6890625 0.71171875 0.06875 0.04296875
0 0.61328125 0.4140625 0.025 0.0171875
0 0.87421875 0.7109375 0.1828125 0.40234375
0 0.7703125 0.7875 0.0203125 0.03125
0 0.73984375 0.85234375 0.0671875 0.078125
0 0.671875 0.83125 0.053125 0.040625
0 0.9484375 0.48359375 0.053125 0.0546875
0 0.9140625 0.49140625 0.009375 0.01171875
0 0.8359375 0.4140625 0.0796875 0.0796875
0 0.75859375 0.39453125 0.04375 0.0328125
0 0.97734375 0.39375 0.0453125 0.0640625
0 0.8359375 0.26953125 0.2203125 0.12109375
0 0.9890625 0.31171875 0.021875 0.03125
0 0.9421875 0.36015625 0.0140625 0.01171875
0 0.7375 0.14453125 0.0859375 0.12890625
0 0.796875 0.13671875 0.0171875 0.01953125
0 0.8484375 0.1234375 0.0484375 0.0453125
0 0.53984375 0.025 0.0671875 0.05
0 0.57265625 0.06328125 0.0140625 0.0296875
0 0.66171875 0.1015625 0.0671875 0.0375
0 0.6765625 0.14921875 0.015625 0.015625
0 0.52265625 0.134375 0.10625 0.0953125
0 0.5953125 0.1984375 0.04375 0.021875
0 0.5890625 0.1109375 0.0171875 0.0171875
0 0.59921875 0.14453125 0.0203125 0.021875
0 0.65078125 0.196875 0.021875 0.021875
0 0.58203125 0.23046875 0.0234375 0.0140625
0 0.49140625 0.25625 0.0140625 0.0140625
0 0.5890625 0.3328125 0.015625 0.009375
0 0.30234375 0.1125 0.0640625 0.0953125
0 0.240625 0.20625 0.0515625 0.0796875
0 0.2765625 0.1890625 0.0140625 0.01953125
0 0.328125 0.19140625 0.0671875 0.0390625
0 0.39375 0.26875 0.040625 0.046875
0 0.4359375 0.10625 0.0671875 0.084375
0 0.41875 0.0125 0.0296875 0.0171875
0 0.4484375 0.03046875 0.0140625 0.01953125
0 0.37734375 0.0296875 0.025 0.021875
0 0.39453125 0.19453125 0.0390625 0.078125
0 0.178125 0.3578125 0.06875 0.0640625
0 0.1625 0.44140625 0.04375 0.0796875
0 0.08046875 0.209375 0.0671875 0.2015625
0 0.14921875 0.128125 0.0734375 0.09375
0 0.0140625 0.2921875 0.028125 0.046875
0 0.16953125 0.23359375 0.0734375 0.0765625
0 0.0296875 0.0046875 0.028125 0.009375
0 0.1140625 0.05 0.03125 0.025
0 0.01484375 0.06640625 0.0171875 0.021875
0 0.01015625 0.10234375 0.0203125 0.0296875
0 0.01015625 0.171875 0.0109375 0.01953125
0 0.028125 0.18125 0.01875 0.021875
0 0.03203125 0.08125 0.009375 0.01171875
0 0.24609375 0.134375 0.0203125 0.01953125
0 0.078125 0.3640625 0.015625 0.015625
0 0.09453125 0.49375 0.01875 0.0453125
0 0.4171875 0.3203125 0.0140625 0.015625
0 0.54375 0.3140625 0.0171875 0.0328125
0 0.6234375 0.815625 0.009375 0.01953125
0 0.93984375 0.9921875 0.0109375 0.0140625