0 0.696875 0.0453125 0.0515625 0.040625
0 0.975 0.0765625 0.0265625 0.03125
0 0.99296875 0.2734375 0.0140625 0.0375
0 0.99296875 0.47734375 0.00625 0.0140625
0 0.38828125 0.01484375 0.0578125 0.0296875
0 0.44375 0.0375 0.0203125 0.03125
0 0.60078125 0.015625 0.0125 0.0171875
0 0.86953125 0.00625 0.0078125 0.01171875
0 0.71015625 0.225 0.0640625 0.084375
0 0.8578125 0.37890625 0.14375 0.25625
0 0.5921875 0.51875 0.271875 0.32421875
0 0.42890625 0.3203125 0.0703125 0.09375
0 0.56640625 0.31953125 0.1640625 0.0796875
0 0.05625 0.00390625 0.0265625 0.0078125
0 0.1453125 0.00390625 0.0390625 0.0078125
0 0.0140625 0.00625 0.028125 0.01171875
0 0.103125 0.20703125 0.2015625 0.25
0 0.209375 0.153125 0.009375 0.0140625
0 0.221875 0.1171875 0.0125 0.015625
0 0.3078125 0.50390625 0.215625 0.2328125
0 0.0671875 0.84453125 0.04375 0.0375
0 0.50625 0.9453125 0.0171875 0.015625
0 0.3234375 0.00625 0.05625 0.01171875
0 0.1015625 0.46953125 0.2015625 0.23828125
0 0.10234375 0.709375 0.2015625 0.240625
0 0.2359375 0.70703125 0.065625 0.165625
0 0.88359375 0.21875 0.0140625 0.021875