0 0.04296875 0.0734375 0.0859375 0.146875
0 0.0984375 0.1140625 0.021875 0.0390625
0 0.26328125 0.05859375 0.18125 0.1171875
0 0.34609375 0.19609375 0.1265625 0.1546875
0 0.378125 0.084375 0.053125 0.06875
0 0.4796875 0.05859375 0.1421875 0.1171875
0 0.6703125 0.071875 0.165625 0.14375
0 0.93671875 0.01171875 0.1234375 0.0234375
0 0.94375 0.08984375 0.1125 0.10546875
0 0.1140625 0.5203125 0.1609375 0.33984375
0 0.3859375 0.35546875 0.3875 0.1625
0 0.47109375 0.26640625 0.0265625 0.01953125
0 0.1359375 0.3015625 0.05625 0.0640625
0 0.2390625 0.17890625 0.01875 0.021875
0 0.28046875 0.52421875 0.1140625 0.1484375
0 0.17734375 0.3375 0.0109375 0.0140625
0 0.959375 0.44375 0.08125 0.14453125
0 0.996875 0.2609375 0.00625 0.03125
0 0.8484375 0.47578125 0.0796875 0.08984375
0 0.76484375 0.4296875 0.021875 0.021875
0 0.91953125 0.68125 0.109375 0.25
0 0.80703125 0.57109375 0.115625 0.08984375
0 0.80390625 0.6625 0.0671875 0.07421875
0 0.81875 0.8296875 0.04375 0.05078125
0 0.90234375 0.87890625 0.05625 0.071875
0 0.94375 0.97421875 0.1125 0.0515625
0 0.98515625 0.9234375 0.0296875 0.04296875
0 0.8609375 0.99375 0.01875 0.01171875
0 0.91171875 0.53515625 0.0109375 0.015625
0 0.68828125 0.6125 0.0875 0.14453125
0 0.609375 0.5359375 0.0328125 0.0484375
0 0.53203125 0.6796875 0.2015625 0.21484375
0 0.3171875 0.759375 0.23125 0.30859375
0 0.41171875 0.9921875 0.053125 0.015625
0 0.7046875 0.390625 0.009375 0.01171875
0 0.7046875 0.521875 0.0125 0.01171875
0 0.9828125 0.6359375 0.0125 0.0171875