0 0.01796875 0.91015625 0.0359375 0.0609375
0 0.05390625 0.96796875 0.0171875 0.021875
0 0.034375 0.0203125 0.053125 0.040625
0 0.16796875 0.0328125 0.0640625 0.065625
0 0.0390625 0.0875 0.0515625 0.0453125
0 0.00390625 0.06953125 0.0078125 0.021875
0 0.11640625 0.50625 0.1984375 0.41796875
0 0.00859375 0.5828125 0.0171875 0.084375
0 0.03984375 0.82421875 0.025 0.0703125
0 0.9265625 0.31953125 0.0203125 0.0171875
0 0.95859375 0.3578125 0.0109375 0.021875
0 0.9140625 0.428125 0.03125 0.046875
0 0.778125 0.5609375 0.0296875 0.06640625
0 0.8171875 0.55546875 0.0390625 0.0484375
0 0.77265625 0.62890625 0.04375 0.05078125
0 0.80859375 0.64140625 0.025 0.040625
0 0.73046875 0.7375 0.0921875 0.09765625
0 0.740625 0.79609375 0.0171875 0.01171875
0 0.49375 0.82734375 0.25625 0.30625
0 0.3359375 0.89140625 0.0546875 0.103125
0 0.27578125 0.8578125 0.0546875 0.040625
0 0.33671875 0.99609375 0.0140625 0.0078125
0 0.2234375 0.8234375 0.009375 0.01171875
0 0.0109375 0.840625 0.021875 0.03125
0 0.009375 0.7171875 0.01875 0.02734375
0 0.034375 0.7265625 0.0125 0.015625
0 0.009375 0.7578125 0.0109375 0.015625
0 0.2921875 0.63359375 0.153125 0.1546875
0 0.30234375 0.73359375 0.0484375 0.0453125
0 0.4046875 0.6234375 0.0734375 0.1
0 0.5375 0.61328125 0.096875 0.084375
0 0.6046875 0.5625 0.0421875 0.04296875
0 0.6984375 0.484375 0.059375 0.0703125
0 0.78828125 0.50078125 0.015625 0.021875
0 0.7703125 0.45390625 0.015625 0.021875
0 0.96484375 0.4515625 0.0140625 0.0140625
0 0.803125 0.26875 0.01875 0.01953125
0 0.534375 0.0125 0.0328125 0.025
0 0.2171875 0.0078125 0.0359375 0.015625
0 0.12734375 0.10078125 0.04375 0.025
0 0.271875 0.06953125 0.14375 0.1109375
0 0.309375 0.00625 0.0546875 0.01171875
0 0.2453125 0.128125 0.0140625 0.01171875
0 0.31796875 0.1734375 0.053125 0.025
0 0.40859375 0.09375 0.0828125 0.0390625
0 0.4671875 0.1734375 0.075 0.1171875
0 0.53046875 0.178125 0.021875 0.025
0 0.59453125 0.171875 0.078125 0.046875
0 0.53828125 0.32109375 0.2171875 0.15234375
0 0.4359375 0.41875 0.059375 0.03515625
0 0.5109375 0.4625 0.1 0.0921875
0 0.65703125 0.4578125 0.0125 0.025
0 0.6890625 0.3984375 0.021875 0.0328125
0 0.625 0.4375 0.009375 0.0140625
0 0.5765625 0.559375 0.009375 0.009375
0 0.64453125 0.4546875 0.009375 0.0171875
0 0.2578125 0.3765625 0.084375 0.0765625
0 0.2484375 0.31953125 0.0140625 0.021875
0 0.278125 0.31171875 0.0171875 0.015625
0 0.09140625 0.1859375 0.034375 0.0609375
0 0.09375 0.1328125 0.0203125 0.0140625
0 0.19375 0.203125 0.0109375 0.015625
0 0.29296875 0.2 0.028125 0.021875
0 0.36953125 0.18828125 0.028125 0.02734375
0 0.37421875 0.2546875 0.0140625 0.0171875
0 0.01328125 0.78046875 0.0109375 0.015625
0 0.184375 0.0875 0.009375 0.015625
0 0.35390625 0.0671875 0.00625 0.01171875
0 0.35859375 0.76875 0.009375 0.015625