0 0.16484375 0.95234375 0.0921875 0.0953125
0 0.9734375 0.52265625 0.053125 0.1875
0 0.9828125 0.690625 0.034375 0.12890625
0 0.9296875 0.81171875 0.0875 0.11875
0 0.81171875 0.8359375 0.153125 0.15625
0 0.49765625 0.67265625 0.25625 0.24609375
0 0.584375 0.8984375 0.2203125 0.2015625
0 0.64453125 0.77734375 0.0140625 0.02734375
0 0.66875 0.78515625 0.0140625 0.021875
0 0.40703125 0.86015625 0.028125 0.02734375
0 0.815625 0.6046875 0.08125 0.1
0 0.7296875 0.63671875 0.05 0.05078125
0 0.7609375 0.60078125 0.0140625 0.021875
0 0.6359375 0.6265625 0.0125 0.0234375
0 0.65390625 0.43046875 0.0921875 0.1890625
0 0.9796875 0.3765625 0.040625 0.1015625
0 0.95 0.32421875 0.009375 0.0171875
0 0.8734375 0.0625 0.253125 0.125
0 0.85546875 0.1421875 0.025 0.0328125
0 0.78984375 0.15234375 0.0390625 0.0609375
0 0.83671875 0.228125 0.08125 0.0703125
0 0.9015625 0.28125 0.0296875 0.03125
0 0.9953125 0.1953125 0.009375 0.025
0 0.18046875 0.521875 0.2671875 0.2828125
0 0.2296875 0.68046875 0.0375 0.040625
0 0.03671875 0.3921875 0.0171875 0.015625
0 0.5625 0.109375 0.2125 0.21875
0 0.73046875 0.140625 0.0328125 0.0453125
0 0.70546875 0.040625 0.078125 0.04296875
0 0.6859375 0.00625 0.0140625 0.01171875
0 0.415625 0.14140625 0.0875 0.2515625
0 0.33359375 0.1015625 0.078125 0.14453125
0 0.2 0.0234375 0.0796875 0.046875
0 0.21171875 0.1171875 0.15 0.0859375
0 0.17421875 0.2484375 0.0796875 0.16796875
0 0.2765625 0.2578125 0.125 0.1265625
0 0.0875 0.29375 0.075 0.06640625
0 0.11640625 0.353125 0.04375 0.03515625
0 0.04296875 0.2015625 0.0859375 0.0859375
0 0.025 0.10859375 0.0390625 0.0625
0 0.0046875 0.028125 0.009375 0.0296875
0 0.015625 0.00625 0.0265625 0.01171875
0 0.0609375 0.01171875 0.025 0.021875
0 0.090625 0.1390625 0.0125 0.0171875
0 0.09296875 0.1671875 0.0125 0.0171875
0 0.603125 0.31328125 0.096875 0.0796875
0 0.54765625 0.4609375 0.025 0.021875
0 0.56640625 0.4875 0.01875 0.025
0 0.57734375 0.50390625 0.0171875 0.0171875
0 0.4609375 0.328125 0.0203125 0.0171875
0 0.34609375 0.5421875 0.0296875 0.0234375
0 0.1671875 0.7 0.0140625 0.01953125
0 0.7609375 0.2328125 0.0203125 0.021875
0 0.8953125 0.44609375 0.0203125 0.01953125