0 0.04609375 0.678125 0.0921875 0.328125
0 0.0515625 0.9703125 0.103125 0.05859375
0 0.18359375 0.7609375 0.1734375 0.1078125
0 0.1671875 0.61015625 0.0453125 0.0453125
0 0.2328125 0.5859375 0.075 0.078125
0 0.0171875 0.29296875 0.034375 0.0625
0 0.0375 0.0109375 0.04375 0.021875
0 0.02265625 0.0984375 0.0421875 0.0796875
0 0.11484375 0.05078125 0.0421875 0.0390625
0 0.03828125 0.1796875 0.0203125 0.0234375
0 0.178125 0.403125 0.0828125 0.1625
0 0.15 0.50390625 0.025 0.02734375
0 0.08359375 0.36796875 0.0265625 0.0296875
0 0.09296875 0.2140625 0.0734375 0.2015625
0 0.24140625 0.171875 0.2515625 0.2109375
0 0.41484375 0.02734375 0.1015625 0.0375
0 0.38359375 0.87578125 0.2328125 0.2046875
0 0.784375 0.96796875 0.21875 0.0640625
0 0.42265625 0.18359375 0.0984375 0.234375
0 0.4234375 0.3234375 0.021875 0.0296875
0 0.5390625 0.09453125 0.128125 0.1890625
0 0.56171875 0.56328125 0.4921875 0.43125
0 0.48828125 0.2453125 0.0359375 0.0765625
0 0.7390625 0.13671875 0.2625 0.1484375
0 0.59140625 0.2296875 0.0265625 0.0609375
0 0.5515625 0.315625 0.025 0.053125
0 0.83984375 0.28046875 0.2140625 0.11875
0 0.98984375 0.3546875 0.0171875 0.1234375
0 0.95703125 0.37578125 0.0546875 0.0375
0 0.84609375 0.4171875 0.0796875 0.0953125
0 0.7046875 0.8453125 0.184375 0.12890625
0 0.8921875 0.5296875 0.15 0.10546875
0 0.89140625 0.75 0.1875 0.31640625