0 0.19296875 0.9796875 0.0765625 0.040625
0 0.02265625 0.77265625 0.0453125 0.1734375
0 0.81796875 0.6765625 0.3640625 0.40234375
0 0.946875 0.940625 0.10625 0.11875
0 0.75234375 0.97421875 0.0828125 0.0515625
0 0.8140625 0.98203125 0.040625 0.0359375
0 0.85234375 0.984375 0.025 0.03125
0 0.59296875 0.93046875 0.0828125 0.1390625
0 0.7140625 0.890625 0.034375 0.0234375
0 0.64140625 0.89921875 0.0109375 0.021875
0 0.653125 0.9640625 0.0375 0.071875
0 0.96953125 0.26953125 0.0609375 0.12890625
0 0.65859375 0.24375 0.0453125 0.0390625
0 0.046875 0.4515625 0.09375 0.38671875
0 0.14140625 0.453125 0.096875 0.25625
0 0.1015625 0.6015625 0.0203125 0.025
0 0.18046875 0.684375 0.1234375 0.16015625
0 0.2796875 0.675 0.0765625 0.11875
0 0.11015625 0.725 0.0140625 0.040625
0 0.34609375 0.63984375 0.0109375 0.01171875
0 0.48359375 0.959375 0.009375 0.01171875
0 0.4984375 0.9671875 0.0125 0.01171875
0 0.0515625 0.065625 0.103125 0.13125
0 0.15703125 0.0578125 0.1109375 0.07421875
0 0.240625 0.01875 0.034375 0.025
0 0.15703125 0.0046875 0.0171875 0.009375
0 0.3078125 0.00859375 0.0125 0.01171875
0 0.415625 0.053125 0.1046875 0.10546875
0 0.4671875 0.15234375 0.065625 0.0609375
0 0.2953125 0.05859375 0.0796875 0.05078125
0 0.20546875 0.15234375 0.0890625 0.0640625
0 0.1546875 0.16015625 0.0109375 0.0171875
0 0.1234375 0.19375 0.0359375 0.03515625
0 0.3234375 0.134375 0.0546875 0.0609375
0 0.2609375 0.3484375 0.1453125 0.1640625
0 0.290625 0.23046875 0.0875 0.06875
0 0.42890625 0.33671875 0.1609375 0.25625
0 0.50859375 0.496875 0.153125 0.071875
0 0.546875 0.43828125 0.078125 0.046875
0 0.6203125 0.42890625 0.046875 0.05625
0 0.575 0.39375 0.0171875 0.0171875
0 0.98046875 0.00625 0.0390625 0.01171875
0 0.39609375 0.98515625 0.0125 0.0140625
0 0.315625 0.478125 0.0125 0.015625
0 0.33984375 0.48359375 0.0125 0.01953125