0 0.03671875 0.0078125 0.025 0.015625
0 0.634375 0.0453125 0.29375 0.08984375
0 0.57578125 0.13125 0.1296875 0.0859375
0 0.85234375 0.0890625 0.1203125 0.178125
0 0.778125 0.15234375 0.028125 0.03515625
0 0.74296875 0.1625 0.009375 0.0140625
0 0.3046875 0.02265625 0.0390625 0.0453125
0 0.4328125 0.09453125 0.0703125 0.08203125
0 0.38984375 0.14375 0.025 0.0234375
0 0.08828125 0.240625 0.1125 0.1796875
0 0.159375 0.29375 0.025 0.03515625
0 0.10234375 0.10859375 0.08125 0.0796875
0 0.04921875 0.11875 0.0125 0.0140625
0 0.3015625 0.2171875 0.125 0.18359375
0 0.225 0.1796875 0.0171875 0.07421875
0 0.20390625 0.19453125 0.0171875 0.0296875
0 0.190625 0.1734375 0.0109375 0.0171875
0 0.1546875 0.14921875 0.009375 0.0078125
0 0.175 0.16875 0.0125 0.015625
0 0.27421875 0.07109375 0.0109375 0.0140625
0 0.3625 0.365625 0.084375 0.11328125
0 0.384375 0.27734375 0.0375 0.0609375
0 0.46640625 0.23359375 0.1078125 0.11328125
0 0.6140625 0.2484375 0.1296875 0.109375
0 0.8484375 0.2375 0.1140625 0.084375
0 0.92890625 0.2421875 0.0359375 0.040625
0 0.91796875 0.19921875 0.009375 0.01171875
0 0.93671875 0.43828125 0.1265625 0.240625
0 0.93203125 0.69140625 0.0921875 0.0859375
0 0.96015625 0.60078125 0.06875 0.084375
0 0.8421875 0.52265625 0.0671875 0.109375
0 0.75859375 0.553125 0.0734375 0.0703125
0 0.81328125 0.68125 0.090625 0.1265625
0 0.865625 0.67578125 0.0140625 0.021875
0 0.79765625 0.77734375 0.0546875 0.0546875
0 0.72890625 0.63359375 0.071875 0.0640625
0 0.72890625 0.7015625 0.05 0.0453125
0 0.74140625 0.82890625 0.0359375 0.0453125
0 0.7953125 0.865625 0.0171875 0.02734375
0 0.821875 0.84375 0.025 0.0375
0 0.98515625 0.815625 0.0296875 0.0609375
0 0.8625 0.9578125 0.15 0.084375
0 0.88359375 0.89921875 0.0296875 0.02734375
0 0.628125 0.98203125 0.071875 0.0359375
0 0.684375 0.9953125 0.0203125 0.009375
0 0.76484375 0.975 0.0375 0.0453125
0 0.4734375 0.9875 0.0296875 0.025
0 0.43359375 0.99140625 0.009375 0.009375
0 0.50625 0.45 0.109375 0.10546875
0 0.35390625 0.48515625 0.19375 0.1109375
0 0.45703125 0.5109375 0.0125 0.015625
0 0.2484375 0.47734375 0.0140625 0.0171875
0 0.20390625 0.44921875 0.04375 0.0453125
0 0.20390625 0.6125 0.065625 0.240625
0 0.1546875 0.58515625 0.0328125 0.07421875
0 0.159375 0.690625 0.0203125 0.053125
0 0.25234375 0.68671875 0.0328125 0.09375
0 0.240625 0.74296875 0.0328125 0.0234375
0 0.3296875 0.62421875 0.0875 0.1171875
0 0.3515625 0.79609375 0.140625 0.225
0 0.446875 0.740625 0.05 0.084375
0 0.534375 0.72578125 0.1125 0.14453125
0 0.46875 0.671875 0.0203125 0.0453125
0 0.5765625 0.6171875 0.028125 0.040625
0 0.6265625 0.6421875 0.0515625 0.0453125
0 0.628125 0.684375 0.0203125 0.03515625
0 0.6625 0.675 0.0234375 0.03125
0 0.69453125 0.525 0.0171875 0.021875
0 0.64765625 0.6015625 0.0125 0.01171875
0 0.5296875 0.5234375 0.009375 0.0140625
0 0.56640625 0.5328125 0.028125 0.021875
0 0.46328125 0.540625 0.0125 0.01953125
0 0.646875 0.4984375 0.009375 0.009375
0 0.28359375 0.3453125 0.009375 0.01171875
0 0.91328125 0.809375 0.009375 0.0078125
0 0.42421875 0.971875 0.0078125 0.009375
0 0.00703125 0.0734375 0.0140625 0.015625