0 0.8 0.95234375 0.20625 0.0953125
0 0.68046875 0.93359375 0.0109375 0.01171875
0 0.05390625 0.95390625 0.1078125 0.0921875
0 0.04609375 0.6546875 0.0921875 0.3125
0 0.18984375 0.7171875 0.1671875 0.1015625
0 0.3703125 0.840625 0.1890625 0.196875
0 0.49296875 0.9171875 0.0328125 0.0453125
0 0.90078125 0.7296875 0.1984375 0.28515625
0 0.76640625 0.7984375 0.065625 0.11875
0 0.69609375 0.796875 0.075 0.040625
0 0.2390625 0.553125 0.0609375 0.0703125
0 0.16640625 0.5734375 0.0328125 0.0375
0 0.18671875 0.54765625 0.0125 0.015625
0 0.55390625 0.521875 0.4546875 0.40625
0 0.78828125 0.3625 0.0171875 0.03125
0 0.853125 0.3875 0.0765625 0.078125
0 0.89609375 0.51875 0.0953125 0.0765625
0 0.96015625 0.46015625 0.0375 0.03125
0 0.18125 0.38984375 0.0796875 0.19140625
0 0.10234375 0.46171875 0.0140625 0.0453125
0 0.85859375 0.24296875 0.225 0.11328125
0 0.9875 0.34296875 0.025 0.0234375
0 0.959375 0.3296875 0.0125 0.01171875
0 0.01875 0.26953125 0.0375 0.0546875
0 0.5421875 0.1046875 0.115625 0.0921875
0 0.7375 0.11796875 0.2671875 0.115625
0 0.55390625 0.01875 0.084375 0.0375
0 0.45625 0.06640625 0.05 0.04296875
0 0.43125 0.1328125 0.059375 0.0875
0 0.4046875 0.228125 0.040625 0.09765625
0 0.0953125 0.1890625 0.0703125 0.19375
0 0.16953125 0.1078125 0.078125 0.078125
0 0.12734375 0.0328125 0.03125 0.02734375
0 0.01484375 0.08671875 0.0296875 0.02734375
0 0.03984375 0.15703125 0.0171875 0.0171875
0 0.0046875 0.1609375 0.009375 0.0234375
0 0.0078125 0.01484375 0.015625 0.015625
0 0.09296875 0.33671875 0.0125 0.0171875
0 0.31875 0.0953125 0.059375 0.0859375
0 0.29453125 0.18125 0.140625 0.0703125
0 0.17890625 0.2140625 0.053125 0.0609375
0 0.2578125 0.11328125 0.0265625 0.0296875
0 0.39140625 0.00859375 0.0265625 0.0171875
0 0.5640625 0.2921875 0.028125 0.05078125
0 0.6015625 0.30546875 0.0171875 0.01953125
0 0.684375 0.225 0.0140625 0.0171875
0 0.59765625 0.20390625 0.028125 0.015625
0 0.46171875 0.0109375 0.0171875 0.021875
0 0.43203125 0.00390625 0.0171875 0.0078125
0 0.29609375 0.00703125 0.0140625 0.0140625
0 0.4703125 0.16015625 0.0140625 0.015625
0 0.4984375 0.215625 0.0390625 0.0609375
0 0.38828125 0.0671875 0.015625 0.021875
0 0.04375 0.06328125 0.0171875 0.0296875
0 0.02265625 0.1515625 0.009375 0.0171875