0 0.0453125 0.00859375 0.05 0.0171875
0 0.02265625 0.121875 0.0453125 0.134375
0 0.11796875 0.0515625 0.0421875 0.0296875
0 0.09296875 0.209375 0.0734375 0.20703125
0 0.0171875 0.303125 0.028125 0.0625
0 0.04453125 0.68671875 0.0890625 0.3140625
0 0.0546875 0.97734375 0.103125 0.0453125
0 0.103125 0.4921875 0.025 0.06640625
0 0.1671875 0.453125 0.05625 0.1078125
0 0.08515625 0.365625 0.0234375 0.0234375
0 0.18515625 0.35546875 0.071875 0.07421875
0 0.171875 0.1796875 0.090625 0.19140625
0 0.41484375 0.025 0.0921875 0.04296875
0 0.24921875 0.18671875 0.0546875 0.11875
0 0.325 0.14453125 0.09375 0.15625
0 0.428125 0.1078125 0.103125 0.0703125
0 0.40078125 0.234375 0.0484375 0.12890625
0 0.55078125 0.0375 0.0765625 0.06640625
0 0.53203125 0.128125 0.1171875 0.0796875
0 0.58984375 0.2375 0.0203125 0.025
0 0.62734375 0.2015625 0.0953125 0.0234375
0 0.60859375 0.14921875 0.0203125 0.0171875
0 0.67890625 0.12109375 0.0859375 0.09375
0 0.79921875 0.15625 0.1546875 0.11328125
0 0.67578125 0.25859375 0.0234375 0.021875
0 0.84375 0.275 0.21875 0.12109375
0 0.9921875 0.31953125 0.015625 0.0484375
0 0.99296875 0.39765625 0.0140625 0.0765625
0 0.9609375 0.37421875 0.05 0.0484375
0 0.8046875 0.4171875 0.1453125 0.0765625
0 0.1671875 0.61640625 0.0296875 0.053125
0 0.23359375 0.5859375 0.0671875 0.0703125
0 0.18984375 0.7578125 0.1640625 0.10546875
0 0.36484375 0.8890625 0.1890625 0.18359375
0 0.77890625 0.96796875 0.2140625 0.0640625
0 0.49921875 0.2625 0.0140625 0.0140625
0 0.5359375 0.41328125 0.2 0.134375
0 0.55234375 0.63203125 0.4390625 0.2984375
0 0.409375 0.78828125 0.028125 0.021875
0 0.41875 0.4671875 0.040625 0.03125
0 0.5921875 0.33984375 0.0125 0.01953125
0 0.88125 0.690625 0.20625 0.44375
0 0.7 0.8375 0.159375 0.10546875
0 0.4859375 0.95234375 0.028125 0.0453125