0 0.04375 0.00703125 0.021875 0.0140625
0 0.30859375 0.01953125 0.0359375 0.0390625
0 0.6703125 0.05 0.228125 0.1
0 0.51796875 0.05078125 0.0515625 0.1015625
0 0.5796875 0.14140625 0.121875 0.0796875
0 0.54765625 0.046875 0.0078125 0.015625
0 0.8625 0.096875 0.1453125 0.17578125
0 0.77578125 0.16328125 0.03125 0.03125
0 0.43359375 0.10078125 0.0625 0.0703125
0 0.10859375 0.11015625 0.0796875 0.09375
0 0.0875 0.2375 0.121875 0.1625
0 0.05390625 0.1171875 0.009375 0.01171875
0 0.28671875 0.078125 0.0203125 0.02734375
0 0.30703125 0.21796875 0.13125 0.1859375
0 0.22734375 0.1796875 0.021875 0.078125
0 0.20625 0.1953125 0.0109375 0.025
0 0.19765625 0.171875 0.015625 0.0171875
0 0.159375 0.146875 0.0125 0.0171875
0 0.178125 0.16484375 0.0125 0.021875
0 0.159375 0.29375 0.025 0.0375
0 0.46953125 0.2375 0.109375 0.115625
0 0.61875 0.253125 0.128125 0.109375
0 0.8578125 0.2484375 0.103125 0.1
0 0.9328125 0.2546875 0.0265625 0.040625
0 0.9203125 0.209375 0.0125 0.015625
0 0.9390625 0.45 0.121875 0.240625
0 0.84609375 0.53046875 0.06875 0.10546875
0 0.93984375 0.67890625 0.1046875 0.1421875
0 0.96015625 0.5890625 0.0484375 0.0375
0 0.75703125 0.56171875 0.071875 0.06875
0 0.9828125 0.82421875 0.034375 0.0609375
0 0.86171875 0.9625 0.15 0.07421875
0 0.8828125 0.909375 0.0328125 0.0328125
0 0.3890625 0.278125 0.03125 0.06640625
0 0.20390625 0.44609375 0.04375 0.05078125
0 0.35546875 0.48125 0.2109375 0.13125
0 0.240625 0.4734375 0.0171875 0.021875
0 0.20234375 0.603125 0.075 0.2265625
0 0.14765625 0.58515625 0.0359375 0.07421875
0 0.15703125 0.68671875 0.0203125 0.053125
0 0.25390625 0.69453125 0.028125 0.115625
0 0.23046875 0.73359375 0.0203125 0.03515625
0 0.32890625 0.62890625 0.0921875 0.1234375
0 0.3484375 0.79609375 0.1375 0.2171875
0 0.44375 0.7390625 0.0546875 0.0859375
0 0.465625 0.984375 0.0296875 0.03125
0 0.5296875 0.73359375 0.0984375 0.14453125
0 0.4640625 0.675 0.0265625 0.040625
0 0.36640625 0.365625 0.084375 0.109375
0 0.48515625 0.4546875 0.0484375 0.09375
0 0.284375 0.3453125 0.0125 0.0078125
0 0.534375 0.4546875 0.05 0.10546875
0 0.69296875 0.53125 0.0171875 0.025
0 0.821875 0.7 0.0921875 0.1484375
0 0.73671875 0.64375 0.0765625 0.0703125
0 0.73125 0.70703125 0.0453125 0.040625
0 0.7421875 0.83671875 0.0359375 0.05078125
0 0.7921875 0.86796875 0.01875 0.0234375
0 0.82265625 0.8546875 0.021875 0.040625
0 0.79453125 0.796875 0.0421875 0.040625
0 0.82109375 0.78828125 0.009375 0.0140625
0 0.5765625 0.62109375 0.021875 0.0453125
0 0.62578125 0.6453125 0.04375 0.046875
0 0.62734375 0.6921875 0.021875 0.0375
0 0.66015625 0.68359375 0.021875 0.03515625
0 0.63203125 0.98515625 0.0671875 0.0296875
0 0.753125 0.98984375 0.028125 0.0203125
0 0.7734375 0.965625 0.0140625 0.0296875
0 0.42578125 0.99375 0.0125 0.01171875
0 0.434375 0.96953125 0.009375 0.0078125
0 0.646875 0.60859375 0.0078125 0.0140625
0 0.79453125 0.2453125 0.009375 0.0140625
0 0.746875 0.16875 0.0078125 0.009375
0 0.5671875 0.5359375 0.0234375 0.0171875
0 0.64609375 0.50625 0.0140625 0.015625
0 0.5296875 0.5265625 0.009375 0.015625
0 0.396875 0.14453125 0.021875 0.01171875