0 0.03125 0.009375 0.03125 0.01875
0 0.29921875 0.0234375 0.0375 0.046875
0 0.6265625 0.03515625 0.2890625 0.0703125
0 0.74765625 0.08671875 0.053125 0.025
0 0.57421875 0.1234375 0.1328125 0.1
0 0.8484375 0.090625 0.1265625 0.18125
0 0.7703125 0.153125 0.0296875 0.0328125
0 0.84375 0.2390625 0.1140625 0.0875
0 0.925 0.24375 0.028125 0.040625
0 0.91328125 0.19921875 0.0125 0.01171875
0 0.425 0.09453125 0.06875 0.06640625
0 0.08671875 0.2 0.1125 0.2640625
0 0.15703125 0.30078125 0.025 0.03515625
0 0.3046875 0.21484375 0.1390625 0.17578125
0 0.36640625 0.3625 0.0890625 0.1234375
0 0.3890625 0.275 0.034375 0.046875
0 0.221875 0.18125 0.01875 0.0703125
0 0.20390625 0.19921875 0.01875 0.025
0 0.18671875 0.17578125 0.0140625 0.0140625
0 0.17109375 0.17109375 0.0140625 0.021875
0 0.1546875 0.15234375 0.0140625 0.0140625
0 0.2578125 0.0578125 0.0171875 0.0171875
0 0.28203125 0.08203125 0.01875 0.01953125
0 0.4640625 0.2359375 0.0984375 0.115625
0 0.6125 0.2515625 0.1359375 0.109375
0 0.95 0.44375 0.1 0.26171875
0 0.88359375 0.3703125 0.0296875 0.040625
0 0.85390625 0.51640625 0.0921875 0.125
0 0.7546875 0.55078125 0.071875 0.06875
0 0.8140625 0.696875 0.08125 0.16015625
0 0.7953125 0.78984375 0.04375 0.0234375
0 0.81875 0.8390625 0.021875 0.040625
0 0.7921875 0.86015625 0.015625 0.021875
0 0.74375 0.82421875 0.0375 0.040625
0 0.98359375 0.81171875 0.0328125 0.0703125
0 0.93046875 0.69453125 0.090625 0.08984375
0 0.95390625 0.6109375 0.0796875 0.078125
0 0.74140625 0.63359375 0.0671875 0.0703125
0 0.73046875 0.7015625 0.0484375 0.0546875
0 0.6921875 0.6140625 0.021875 0.02734375
0 0.68828125 0.52265625 0.0140625 0.015625
0 0.496875 0.4625 0.115625 0.134375
0 0.3453125 0.48359375 0.1890625 0.10546875
0 0.2046875 0.4484375 0.0484375 0.053125
0 0.20546875 0.60859375 0.0625 0.2359375
0 0.15546875 0.5890625 0.0359375 0.078125
0 0.16171875 0.6890625 0.0203125 0.053125
0 0.25 0.6828125 0.0296875 0.08984375
0 0.24140625 0.73828125 0.0265625 0.02734375
0 0.3265625 0.62421875 0.090625 0.115625
0 0.35390625 0.7953125 0.1515625 0.2109375
0 0.45 0.74140625 0.0390625 0.08203125
0 0.534375 0.73125 0.09375 0.1421875
0 0.47109375 0.66875 0.0328125 0.05078125
0 0.565625 0.53203125 0.025 0.0234375
0 0.57734375 0.6109375 0.034375 0.02734375
0 0.62734375 0.640625 0.0453125 0.040625
0 0.64140625 0.69453125 0.0546875 0.06640625
0 0.6390625 0.984375 0.103125 0.03125
0 0.4703125 0.98125 0.0328125 0.0375
0 0.4328125 0.990625 0.0078125 0.0140625
0 0.86796875 0.9546875 0.15625 0.08984375
0 0.88515625 0.89453125 0.0328125 0.0375
0 0.7765625 0.9546875 0.0171875 0.021875
0 0.75859375 0.98046875 0.025 0.021875
0 0.00546875 0.0765625 0.0109375 0.01171875
0 0.64296875 0.496875 0.009375 0.01171875
0 0.3859375 0.14375 0.0265625 0.01953125
0 0.7390625 0.1625 0.009375 0.01171875