0 0.30859375 0.0359375 0.1171875 0.071875
0 0.2703125 0.175 0.109375 0.15625
0 0.5578125 0.02421875 0.059375 0.0484375
0 0.8546875 0.23359375 0.1890625 0.240625
0 0.940625 0.44921875 0.11875 0.178125
0 0.8171875 0.41796875 0.0859375 0.12890625
0 0.9734375 0.27734375 0.053125 0.1265625
0 0.996875 0.05546875 0.00625 0.021875
0 0.92109375 0.0078125 0.021875 0.015625
0 0.94296875 0.00390625 0.0140625 0.0078125
0 0.8578125 0.03125 0.028125 0.021875
0 0.46953125 0.16015625 0.1859375 0.18359375
0 0.3515625 0.23515625 0.0515625 0.0390625
0 0.3171875 0.2921875 0.0546875 0.071875
0 0.43203125 0.31328125 0.0671875 0.11875
0 0.36875 0.26953125 0.0328125 0.01953125
0 0.28515625 0.33984375 0.040625 0.02734375
0 0.31953125 0.48046875 0.1625 0.109375
0 0.17578125 0.2671875 0.0234375 0.03125
0 0.69140625 0.071875 0.009375 0.01171875
0 0.84296875 0.00390625 0.0140625 0.0078125
0 0.84765625 0.5796875 0.021875 0.046875
0 0.76953125 0.740625 0.1546875 0.26171875
0 0.584375 0.2546875 0.034375 0.10546875
0 0.61328125 0.240625 0.021875 0.03125
0 0.68828125 0.2875 0.0796875 0.1015625
0 0.60234375 0.36796875 0.0734375 0.109375
0 0.55234375 0.28828125 0.021875 0.0375
0 0.528125 0.271875 0.0171875 0.0171875
0 0.20859375 0.5734375 0.0796875 0.0703125
0 0.35625 0.571875 0.0109375 0.0171875
0 0.078125 0.5234375 0.0265625 0.046875
0 0.0375 0.59765625 0.0171875 0.021875
0 0.16875 0.8359375 0.04375 0.07421875
0 0.30390625 0.7484375 0.225 0.25390625
0 0.2421875 0.94296875 0.146875 0.1140625
0 0.52578125 0.928125 0.009375 0.021875
0 0.0109375 0.74296875 0.021875 0.0296875
0 0.6015625 0.003125 0.009375 0.00625
0 0.9953125 0.73359375 0.009375 0.015625