0 0.6375 0.95 0.196875 0.1
0 0.80703125 0.9890625 0.04375 0.021875
0 0.0421875 0.81328125 0.084375 0.1
0 0.03671875 0.6453125 0.059375 0.0765625
0 0.19765625 0.909375 0.196875 0.18125
0 0.32109375 0.97578125 0.03125 0.03515625
0 0.29296875 0.58203125 0.1859375 0.4203125
0 0.175 0.62578125 0.0515625 0.275
0 0.1390625 0.721875 0.0203125 0.06640625
0 0.48671875 0.6234375 0.2015625 0.1796875
0 0.68828125 0.721875 0.2015625 0.2984375
0 0.56953125 0.81328125 0.040625 0.09375
0 0.50859375 0.82109375 0.075 0.03515625
0 0.453125 0.8109375 0.0140625 0.009375
0 0.53203125 0.9546875 0.0078125 0.01171875
0 0.896875 0.55546875 0.096875 0.0953125
0 0.02265625 0.2578125 0.0453125 0.0875
0 0.053125 0.23359375 0.0125 0.021875
0 0.09609375 0.2375 0.0515625 0.0390625
0 0.1703125 0.284375 0.04375 0.0859375
0 0.91484375 0.4 0.078125 0.1390625
0 0.9828125 0.2 0.034375 0.046875
0 0.96875 0.09765625 0.028125 0.01953125
0 0.79609375 0.33515625 0.0578125 0.0640625
0 0.7328125 0.440625 0.0375 0.040625
0 0.6765625 0.50859375 0.0984375 0.084375
0 0.62421875 0.38359375 0.0921875 0.0703125
0 0.5453125 0.37890625 0.053125 0.0328125
0 0.834375 0.090625 0.0234375 0.025
0 0.7703125 0.26171875 0.025 0.02734375
0 0.8578125 0.27734375 0.0140625 0.015625
0 0.88828125 0.31875 0.01875 0.01171875
0 0.07109375 0.15546875 0.0625 0.09375
0 0.0109375 0.190625 0.021875 0.0390625
0 0.20546875 0.1546875 0.0875 0.1421875
0 0.30390625 0.03046875 0.0828125 0.0609375
0 0.3 0.125 0.103125 0.1234375
0 0.67421875 0.2609375 0.1125 0.08203125
0 0.5671875 0.2375 0.1046875 0.10546875
0 0.67109375 0.18125 0.0296875 0.0171875
0 0.7 0.20390625 0.028125 0.015625
0 0.51484375 0.125 0.0828125 0.11328125
0 0.43203125 0.09375 0.084375 0.05078125
0 0.60078125 0.10078125 0.0859375 0.05625
0 0.584375 0.13984375 0.009375 0.0078125
0 0.371875 0.14765625 0.0140625 0.021875
0 0.44609375 0.14140625 0.0125 0.01171875
0 0.425 0.19453125 0.0203125 0.0234375
0 0.346875 0.3546875 0.0109375 0.01171875
0 0.36953125 0.340625 0.0125 0.0171875
0 0.44609375 0.2484375 0.0171875 0.015625
0 0.3671875 0.2015625 0.0359375 0.01953125
0 0.35625 0.2359375 0.0203125 0.0171875
0 0.26796875 0.275 0.0109375 0.015625
0 0.19609375 0.3484375 0.0125 0.015625
0 0.5109375 0.9578125 0.0171875 0.0171875
0 0.2484375 0.2421875 0.021875 0.0171875
0 0.17734375 0.04296875 0.021875 0.01953125
0 0.2109375 0.0546875 0.0140625 0.0234375
0 0.13671875 0.05859375 0.025 0.025
0 0.75078125 0.325 0.0265625 0.025
0 0.72265625 0.31953125 0.0125 0.015625
0 0.00390625 0.0109375 0.0078125 0.015625
0 0.403125 0.41328125 0.025 0.021875