0 0.0453125 0.00625 0.0296875 0.01171875
0 0.66953125 0.04765625 0.228125 0.0953125
0 0.51796875 0.04765625 0.0453125 0.0953125
0 0.5765625 0.1421875 0.1234375 0.0875
0 0.61953125 0.25 0.125 0.11328125
0 0.46875 0.23828125 0.1140625 0.11328125
0 0.85234375 0.0953125 0.134375 0.1875
0 0.771875 0.1640625 0.0203125 0.03125
0 0.85390625 0.24296875 0.1125 0.084375
0 0.9328125 0.253125 0.0296875 0.040625
0 0.91953125 0.2078125 0.009375 0.0171875
0 0.93828125 0.4484375 0.1234375 0.2421875
0 0.9328125 0.6921875 0.096875 0.1
0 0.96328125 0.603125 0.0625 0.06640625
0 0.84453125 0.5265625 0.0671875 0.1109375
0 0.7578125 0.5578125 0.0765625 0.0703125
0 0.6953125 0.5296875 0.0203125 0.021875
0 0.0921875 0.19375 0.1171875 0.25625
0 0.3109375 0.02265625 0.0390625 0.0453125
0 0.43515625 0.10078125 0.059375 0.0703125
0 0.30546875 0.2140625 0.13125 0.1875
0 0.3671875 0.3625 0.0859375 0.10546875
0 0.38984375 0.2796875 0.0390625 0.0625
0 0.2265625 0.1875 0.0234375 0.0703125
0 0.20078125 0.1875 0.021875 0.04296875
0 0.16015625 0.14765625 0.0203125 0.009375
0 0.178125 0.1703125 0.0125 0.0140625
0 0.16171875 0.29296875 0.0265625 0.0390625
0 0.0125 0.07109375 0.0140625 0.01171875
0 0.29296875 0.08203125 0.015625 0.0171875
0 0.34296875 0.48359375 0.2109375 0.1234375
0 0.484375 0.4625 0.071875 0.1109375
0 0.4640625 0.53984375 0.0171875 0.015625
0 0.5390625 0.44921875 0.0375 0.0953125
0 0.56328125 0.53515625 0.028125 0.021875
0 0.5296875 0.5265625 0.0125 0.009375
0 0.20546875 0.446875 0.0453125 0.05078125
0 0.2015625 0.603125 0.071875 0.228125
0 0.1546875 0.584375 0.025 0.07421875
0 0.15703125 0.68671875 0.015625 0.0484375
0 0.2515625 0.69609375 0.028125 0.1078125
0 0.2296875 0.7328125 0.0140625 0.03125
0 0.33125 0.628125 0.0953125 0.11875
0 0.3484375 0.7953125 0.1375 0.2109375
0 0.44609375 0.74609375 0.059375 0.0875
0 0.53359375 0.7328125 0.103125 0.1421875
0 0.46953125 0.678125 0.028125 0.0453125
0 0.57890625 0.6203125 0.0265625 0.0375
0 0.63125 0.65 0.05625 0.0546875
0 0.628125 0.69375 0.0203125 0.03125
0 0.98359375 0.81875 0.0328125 0.06640625
0 0.26796875 0.0546875 0.0125 0.0171875
0 0.7953125 0.65234375 0.084375 0.0609375
0 0.72890625 0.6359375 0.0453125 0.05625
0 0.8171875 0.72265625 0.0828125 0.084375
0 0.72890625 0.70703125 0.0546875 0.053125
0 0.74375 0.8359375 0.0359375 0.053125
0 0.8 0.78984375 0.065625 0.046875
0 0.81953125 0.85234375 0.0203125 0.0453125
0 0.7921875 0.8671875 0.0140625 0.025
0 0.8640625 0.9625 0.15 0.07421875
0 0.88046875 0.90703125 0.0421875 0.0390625
0 0.6328125 0.9875 0.046875 0.025
0 0.75546875 0.98515625 0.0203125 0.0296875
0 0.77734375 0.96484375 0.0140625 0.025
0 0.46875 0.984375 0.0375 0.03125
0 0.4296875 0.99375 0.009375 0.01171875
0 0.6625 0.6859375 0.0171875 0.021875
0 0.69609375 0.628125 0.0140625 0.0171875
0 0.86796875 0.6828125 0.0125 0.015625
0 0.746875 0.1671875 0.009375 0.01171875
0 0.646875 0.5015625 0.0140625 0.0078125
0 0.64765625 0.60625 0.0125 0.0140625