0 0.3359375 0.9140625 0.671875 0.171875
0 0.30390625 0.7515625 0.1609375 0.1546875
0 0.21015625 0.55078125 0.2828125 0.240625
0 0.375 0.615625 0.0421875 0.0609375
0 0.14375 0.69453125 0.0203125 0.01953125
0 0.80078125 0.6109375 0.24375 0.18125
0 0.52578125 0.58203125 0.2015625 0.14453125
0 0.40390625 0.4578125 0.0421875 0.046875
0 0.4734375 0.40625 0.0765625 0.0703125
0 0.9109375 0.34765625 0.178125 0.1546875
0 0.69609375 0.33203125 0.259375 0.3453125
0 0.8640625 0.1640625 0.0265625 0.0296875
0 0.9734375 0.1609375 0.05 0.0546875
0 0.95703125 0.0890625 0.059375 0.0328125
0 0.88671875 0.0640625 0.05 0.0375
0 0.82265625 0.071875 0.0484375 0.040625
0 0.865625 0.025 0.01875 0.0234375
0 0.90703125 0.02265625 0.021875 0.0140625
0 0.82578125 0.03984375 0.0171875 0.01953125
0 0.00390625 0.4203125 0.0078125 0.03125
0 0.2859375 0.26875 0.13125 0.16015625
0 0.0515625 0.0515625 0.0796875 0.06640625
0 0.0796875 0.1953125 0.084375 0.0609375
0 0.00703125 0.2171875 0.0140625 0.0375
0 0.1390625 0.26484375 0.0234375 0.0171875
0 0.0390625 0.12421875 0.078125 0.0796875
0 0.10625 0.1375 0.046875 0.05078125
0 0.221875 0.0859375 0.165625 0.171875
0 0.1296875 0.05 0.021875 0.0609375
0 0.3484375 0.0671875 0.05625 0.0390625
0 0.4640625 0.1171875 0.0765625 0.05078125
0 0.6484375 0.05078125 0.0828125 0.0609375
0 0.715625 0.00390625 0.025 0.0078125
0 0.48359375 0.015625 0.078125 0.03125
0 0.42109375 0.00859375 0.021875 0.0171875
0 0.41796875 0.07890625 0.021875 0.0296875
0 0.4140625 0.046875 0.021875 0.0296875
0 0.47890625 0.04609375 0.0203125 0.021875
0 0.5390625 0.00859375 0.0171875 0.0171875
0 0.76328125 0.01953125 0.0109375 0.03125
0 0.53984375 0.0296875 0.009375 0.01171875
0 0.74140625 0.003125 0.0140625 0.00625
0 0.5265625 0.1484375 0.0203125 0.0234375
0 0.746875 0.0765625 0.0171875 0.0171875
0 0.0359375 0.4375 0.0171875 0.015625
0 0.3890625 0.0140625 0.01875 0.0140625