0 0.1953125 0.97734375 0.0828125 0.0453125
0 0.02421875 0.7625 0.0484375 0.17578125
0 0.215625 0.6859375 0.215625 0.14453125
0 0.9703125 0.2640625 0.059375 0.12890625
0 0.6640625 0.23515625 0.0484375 0.03515625
0 0.05390625 0.44921875 0.1078125 0.3890625
0 0.1453125 0.4625 0.0765625 0.22265625
0 0.2515625 0.3671875 0.134375 0.14453125
0 0.28125 0.2421875 0.134375 0.103125
0 0.16875 0.34375 0.025 0.015625
0 0.496875 0.3953125 0.29375 0.259375
0 0.40703125 0.2375 0.06875 0.0546875
0 0.47109375 0.14921875 0.0765625 0.0640625
0 0.4203125 0.05 0.0984375 0.1
0 0.325 0.13359375 0.053125 0.05078125
0 0.3 0.05078125 0.0796875 0.046875
0 0.24453125 0.0125 0.034375 0.025
0 0.10390625 0.06171875 0.2078125 0.1234375
0 0.2015625 0.146875 0.0953125 0.0546875
0 0.12578125 0.18671875 0.0296875 0.0375
0 0.4921875 0.95625 0.028125 0.0171875
0 0.39765625 0.97578125 0.0140625 0.0140625
0 0.6078125 0.9265625 0.103125 0.146875
0 0.81953125 0.68125 0.3609375 0.4125
0 0.94765625 0.93828125 0.1046875 0.103125
0 0.7890625 0.9796875 0.1546875 0.040625
0 0.78359375 0.95 0.025 0.015625
0 0.71953125 0.9375 0.0140625 0.01171875
0 0.67109375 0.93046875 0.009375 0.0171875
0 0.7140625 0.89140625 0.0140625 0.01171875
0 0.36015625 0.00625 0.0125 0.01171875
0 0.33046875 0.37421875 0.0203125 0.021875
0 0.34296875 0.471875 0.0125 0.03125
0 0.31953125 0.471875 0.0125 0.015625
0 0.34921875 0.63203125 0.009375 0.0140625