0 0.17734375 0.94453125 0.35 0.1109375
0 0.534375 0.95625 0.3296875 0.0875
0 0.30234375 0.8125 0.1609375 0.15234375
0 0.1421875 0.75078125 0.021875 0.02734375
0 0.8234375 0.66015625 0.2546875 0.1953125
0 0.92265625 0.3765625 0.1546875 0.171875
0 0.72109375 0.3734375 0.2515625 0.3671875
0 0.97734375 0.18671875 0.0453125 0.05078125
0 0.87734375 0.071875 0.1234375 0.0859375
0 0.95390625 0.1203125 0.040625 0.025
0 0.8953125 0.184375 0.046875 0.0375
0 0.68828125 0.1828125 0.0171875 0.0140625
0 0.7171875 0.009375 0.0875 0.01875
0 0.7765625 0.034375 0.0140625 0.02734375
0 0.66640625 0.0453125 0.0890625 0.021875
0 0.63671875 0.08125 0.040625 0.021875
0 0.51640625 0.02421875 0.1203125 0.0484375
0 0.5984375 0.00859375 0.0328125 0.0171875
0 0.21015625 0.603125 0.2671875 0.26171875
0 0.375 0.675 0.0625 0.1171875
0 0.53671875 0.6375 0.2125 0.15625
0 0.409375 0.4984375 0.053125 0.046875
0 0.4875 0.4484375 0.0765625 0.0859375
0 0.31484375 0.340625 0.06875 0.1546875
0 0.0421875 0.4984375 0.021875 0.0171875
0 0.0265625 0.46953125 0.0171875 0.0140625
0 0.246875 0.40625 0.0140625 0.0171875
0 0.259375 0.41875 0.0140625 0.0171875
0 0.2640625 0.25 0.075 0.0703125
0 0.9890625 0.103125 0.021875 0.02734375
0 0.75703125 0.0859375 0.0203125 0.021875
0 0.47421875 0.1375 0.0734375 0.046875
0 0.5390625 0.1671875 0.0296875 0.025
0 0.54296875 0.3109375 0.0171875 0.015625
0 0.58515625 0.19609375 0.0125 0.0140625
0 0.42109375 0.07421875 0.0234375 0.0609375
0 0.43125 0.015625 0.034375 0.03125
0 0.4890625 0.05859375 0.025 0.021875
0 0.38984375 0.02734375 0.028125 0.0234375
0 0.36171875 0.0890625 0.040625 0.05078125
0 0.25390625 0.07734375 0.0921875 0.1546875
0 0.346875 0.00625 0.0234375 0.01171875
0 0.3203125 0.08515625 0.0265625 0.0375
0 0.15625 0.05625 0.0875 0.06875
0 0.1875 0.1375 0.0421875 0.09765625
0 0.05859375 0.1359375 0.1171875 0.2171875
0 0.11953125 0.14921875 0.009375 0.0140625
0 0.146875 0.14453125 0.0140625 0.015625
0 0.13359375 0.2890625 0.01875 0.0171875
0 0.659375 0.1375 0.0109375 0.015625
0 0.95390625 0.0546875 0.0125 0.0171875