0 0.03984375 0.00703125 0.028125 0.0140625
0 0.30859375 0.0203125 0.040625 0.040625
0 0.66875 0.04296875 0.23125 0.0859375
0 0.5140625 0.04296875 0.0453125 0.0859375
0 0.57578125 0.13203125 0.121875 0.09375
0 0.5421875 0.053125 0.0078125 0.03515625
0 0.8578125 0.096875 0.140625 0.1796875
0 0.77265625 0.16015625 0.0328125 0.02734375
0 0.74453125 0.165625 0.0109375 0.01171875
0 0.43359375 0.0984375 0.0671875 0.07421875
0 0.3921875 0.14453125 0.025 0.025
0 0.084375 0.2421875 0.115625 0.1640625
0 0.0734375 0.0921875 0.034375 0.0484375
0 0.115625 0.1203125 0.05625 0.0859375
0 0.04921875 0.11796875 0.009375 0.0140625
0 0.30703125 0.2171875 0.121875 0.18125
0 0.36328125 0.365625 0.0875 0.11875
0 0.3890625 0.27265625 0.0375 0.0609375
0 0.22578125 0.18125 0.0203125 0.0765625
0 0.1984375 0.1890625 0.025 0.040625
0 0.175 0.16875 0.0125 0.015625
0 0.1578125 0.14921875 0.0140625 0.015625
0 0.1625 0.29609375 0.0296875 0.0390625
0 0.46484375 0.2375 0.1078125 0.11875
0 0.6140625 0.2515625 0.134375 0.11875
0 0.846875 0.240625 0.115625 0.08984375
0 0.928125 0.25 0.028125 0.0453125
0 0.9171875 0.20390625 0.009375 0.01171875
0 0.9390625 0.45 0.121875 0.240625
0 0.84453125 0.5234375 0.0640625 0.115625
0 0.93671875 0.69375 0.096875 0.08984375
0 0.96171875 0.609375 0.065625 0.0765625
0 0.7578125 0.5578125 0.078125 0.07421875
0 0.69296875 0.52734375 0.01875 0.0171875
0 0.7953125 0.6484375 0.0921875 0.0640625
0 0.72578125 0.62890625 0.0453125 0.040625
0 0.74296875 0.6578125 0.0125 0.009375
0 0.81875 0.715625 0.0734375 0.0765625
0 0.865625 0.678125 0.015625 0.015625
0 0.98515625 0.8203125 0.0296875 0.06875
0 0.8625 0.96015625 0.15 0.0796875
0 0.8796875 0.903125 0.0359375 0.03125
0 0.79765625 0.7890625 0.0515625 0.046875
0 0.80390625 0.7578125 0.0140625 0.015625
0 0.74375 0.83125 0.040625 0.0484375
0 0.8203125 0.8515625 0.0234375 0.0375
0 0.79453125 0.865625 0.0171875 0.01953125
0 0.35390625 0.4875 0.1953125 0.115625
0 0.47578125 0.46484375 0.05 0.115625
0 0.46171875 0.5359375 0.009375 0.01171875
0 0.52890625 0.4671875 0.053125 0.078125
0 0.528125 0.409375 0.0171875 0.025
0 0.5109375 0.3984375 0.0125 0.0140625
0 0.64296875 0.50078125 0.0125 0.01171875
0 0.20234375 0.4484375 0.0453125 0.046875
0 0.24609375 0.4765625 0.0171875 0.015625
0 0.20234375 0.60859375 0.0609375 0.2359375
0 0.153125 0.5890625 0.0328125 0.0765625
0 0.1609375 0.6875 0.021875 0.05078125
0 0.2515625 0.68359375 0.0375 0.0859375
0 0.2390625 0.73828125 0.040625 0.02734375
0 0.32734375 0.62578125 0.084375 0.12890625
0 0.3484375 0.796875 0.1421875 0.2109375
0 0.44296875 0.74296875 0.0515625 0.078125
0 0.5296875 0.73828125 0.0953125 0.12890625
0 0.46796875 0.67109375 0.0296875 0.04296875
0 0.46328125 0.98359375 0.040625 0.0328125
0 0.428125 0.99296875 0.009375 0.0140625
0 0.41953125 0.975 0.00625 0.01171875
0 0.63203125 0.98515625 0.0640625 0.0296875
0 0.28828125 0.08203125 0.0125 0.01171875
0 0.56796875 0.5359375 0.025 0.0234375
0 0.57421875 0.61640625 0.028125 0.025
0 0.625 0.646875 0.046875 0.05078125
0 0.62734375 0.68828125 0.0234375 0.0296875
0 0.65625 0.68125 0.0234375 0.02734375
0 0.72890625 0.709375 0.0515625 0.046875
0 0.75625 0.9875 0.0140625 0.025
0 0.77421875 0.9625 0.0140625 0.021875
0 0.5265625 0.525 0.00625 0.0140625
0 0.69609375 0.62578125 0.009375 0.01171875
0 0.28359375 0.34765625 0.009375 0.015625
0 0.68515625 0.60859375 0.009375 0.01171875
0 0.64765625 0.6015625 0.009375 0.009375
0 0.9109375 0.8140625 0.00625 0.0140625