0 0.20625 0.978125 0.0875 0.04296875
0 0.02734375 0.76484375 0.0546875 0.171875
0 0.22109375 0.6765625 0.228125 0.1578125
0 0.053125 0.44453125 0.10625 0.390625
0 0.14609375 0.46015625 0.0796875 0.28125
0 0.2625 0.3515625 0.1546875 0.1234375
0 0.20078125 0.428125 0.028125 0.0296875
0 0.9734375 0.2578125 0.053125 0.1328125
0 0.82109375 0.690625 0.3578125 0.44375
0 0.9546875 0.95234375 0.090625 0.0765625
0 0.7984375 0.97734375 0.146875 0.0453125
0 0.79140625 0.9421875 0.0203125 0.021875
0 0.72578125 0.94140625 0.0109375 0.015625
0 0.60078125 0.92734375 0.0734375 0.1453125
0 0.66015625 0.95625 0.0484375 0.0875
0 0.50703125 0.95703125 0.0171875 0.015625
0 0.403125 0.97734375 0.0125 0.01171875
0 0.48984375 0.371875 0.303125 0.2953125
0 0.67109375 0.23359375 0.046875 0.040625
0 0.47578125 0.1453125 0.071875 0.0546875
0 0.42265625 0.05 0.0984375 0.1
0 0.36171875 0.00703125 0.0140625 0.0140625
0 0.30234375 0.0515625 0.0875 0.046875
0 0.33671875 0.134375 0.04375 0.0375
0 0.28125 0.240625 0.121875 0.103125
0 0.246875 0.0125 0.0296875 0.025
0 0.20625 0.1453125 0.0921875 0.0703125
0 0.128125 0.18671875 0.0359375 0.040625
0 0.12109375 0.06171875 0.2 0.10546875
0 0.05390625 0.12109375 0.0359375 0.015625
0 0.00859375 0.025 0.0171875 0.05
0 0.3546875 0.63203125 0.0078125 0.0140625
0 0.3265625 0.46953125 0.015625 0.01171875