0 0.02578125 0.8625 0.0515625 0.1
0 0.01875 0.6921875 0.0375 0.0765625
0 0.9609375 0.10546875 0.028125 0.021875
0 0.98515625 0.21796875 0.0296875 0.0390625
0 0.896875 0.58515625 0.0921875 0.084375
0 0.91875 0.43046875 0.075 0.13671875
0 0.83671875 0.11015625 0.0140625 0.0171875
0 0.8359375 0.134375 0.009375 0.015625
0 0.7953125 0.3609375 0.0671875 0.06875
0 0.8875 0.34375 0.0171875 0.0140625
0 0.76484375 0.2828125 0.021875 0.02734375
0 0.7453125 0.35078125 0.028125 0.0234375
0 0.17265625 0.94140625 0.16875 0.1171875
0 0.5765625 0.99296875 0.0203125 0.0140625
0 0.69921875 0.9875 0.040625 0.025
0 0.68671875 0.76171875 0.2265625 0.3421875
0 0.54921875 0.88203125 0.053125 0.09375
0 0.48515625 0.884375 0.05625 0.0375
0 0.4359375 0.87109375 0.025 0.0234375
0 0.61953125 0.4140625 0.09375 0.071875
0 0.409375 0.671875 0.0953125 0.1421875
0 0.5125 0.65625 0.1171875 0.23046875
0 0.6703125 0.54375 0.0953125 0.07421875
0 0.73515625 0.47578125 0.040625 0.0546875
0 0.5796875 0.56953125 0.0140625 0.0171875
0 0.25703125 0.6125 0.209375 0.44375
0 0.2140625 0.846875 0.040625 0.025
0 0.17734375 0.8609375 0.009375 0.01171875
0 0.38125 0.44609375 0.0359375 0.0234375
0 0.35078125 0.3671875 0.0140625 0.0171875
0 0.32421875 0.38125 0.0171875 0.01171875
0 0.128125 0.7296875 0.053125 0.19375
0 0.6140625 0.9875 0.0109375 0.015625
0 0.7078125 0.9625 0.0140625 0.0140625
0 0.91640625 0.6453125 0.0109375 0.01171875
0 0.5390625 0.403125 0.06875 0.0375
0 0.01015625 0.3015625 0.01875 0.025
0 0.60546875 0.25703125 0.225 0.1
0 0.63046875 0.315625 0.034375 0.01953125
0 0.71640625 0.34375 0.009375 0.01171875
0 0.8578125 0.2984375 0.0125 0.021875
0 0.82109375 0.30625 0.00625 0.01171875
0 0.665625 0.19609375 0.01875 0.0171875
0 0.60703125 0.20234375 0.009375 0.00625
0 0.61328125 0.1 0.078125 0.05625
0 0.55546875 0.1296875 0.028125 0.0171875
0 0.490625 0.1515625 0.084375 0.115625
0 0.4078125 0.10625 0.08125 0.046875
0 0.37265625 0.21484375 0.0875 0.03515625
0 0.14375 0.321875 0.0453125 0.05625
0 0.2453125 0.29765625 0.015625 0.01171875
0 0.28671875 0.03828125 0.0828125 0.0765625
0 0.2765625 0.13984375 0.10625 0.1265625
0 0.346875 0.16015625 0.021875 0.0171875
0 0.3546875 0.1078125 0.0125 0.01171875
0 0.3734375 0.021875 0.0109375 0.0140625
0 0.4265625 0.15703125 0.009375 0.009375
0 0.271875 0.2078125 0.0125 0.01171875
0 0.04609375 0.171875 0.0671875 0.10546875
0 0.06484375 0.25390625 0.053125 0.0453125
0 0.021875 0.25625 0.01875 0.0234375
0 0.10390625 0.2390625 0.0140625 0.01171875
0 0.13125 0.2734375 0.0203125 0.02734375
0 0.1546875 0.225 0.0359375 0.0453125
0 0.22578125 0.25859375 0.0140625 0.015625
0 0.3375 0.25703125 0.021875 0.0171875
0 0.42890625 0.26953125 0.0140625 0.0171875
0 0.7 0.48359375 0.009375 0.01171875
0 0.08203125 0.0140625 0.04375 0.02734375
0 0.17421875 0.05625 0.05 0.03515625
0 0.17890625 0.1453125 0.0921875 0.109375
0 0.20078125 0.23359375 0.0109375 0.01171875
0 0.12734375 0.14921875 0.0125 0.0171875
0 0.1125 0.06953125 0.021875 0.01953125
0 0.3015625 0.3359375 0.009375 0.01171875
0 0.7890625 0.9953125 0.0125 0.009375
0 0.234375 0.0234375 0.009375 0.0140625
0 0.0140625 0.08203125 0.009375 0.015625
0 0.17109375 0.37578125 0.009375 0.01171875