0 0.04296875 0.81328125 0.0859375 0.1109375
0 0.20078125 0.90703125 0.1890625 0.1859375
0 0.3234375 0.9734375 0.034375 0.040625
0 0.6375 0.95234375 0.2015625 0.0953125
0 0.80859375 0.98984375 0.0453125 0.0203125
0 0.7125 0.89140625 0.0109375 0.0140625
0 0.51171875 0.95703125 0.015625 0.0140625
0 0.02109375 0.23515625 0.0421875 0.13125
0 0.07421875 0.1546875 0.0640625 0.1
0 0.08359375 0.23828125 0.08125 0.046875
0 0.03984375 0.646875 0.0625 0.08203125
0 0.28359375 0.57890625 0.296875 0.4390625
0 0.51015625 0.58203125 0.1578125 0.2578125
0 0.6984375 0.71171875 0.2109375 0.32421875
0 0.5640625 0.81953125 0.0546875 0.084375
0 0.5078125 0.82109375 0.059375 0.0453125
0 0.89296875 0.546875 0.0953125 0.0859375
0 0.91328125 0.6046875 0.0140625 0.0140625
0 0.91796875 0.40703125 0.0671875 0.1390625
0 0.9828125 0.19921875 0.034375 0.040625
0 0.965625 0.0984375 0.03125 0.025
0 0.30078125 0.09453125 0.125 0.1859375
0 0.425 0.09765625 0.0703125 0.040625
0 0.51015625 0.14140625 0.0828125 0.115625
0 0.5671875 0.11796875 0.0171875 0.025
0 0.621875 0.09296875 0.075 0.0640625
0 0.61953125 0.23515625 0.21875 0.125
0 0.79921875 0.3359375 0.05625 0.0609375
0 0.753125 0.328125 0.0296875 0.025
0 0.77109375 0.26171875 0.0359375 0.0296875
0 0.8546875 0.134375 0.0359375 0.0375
0 0.85703125 0.278125 0.0265625 0.0234375
0 0.890625 0.3203125 0.0140625 0.015625
0 0.84375 0.09375 0.0359375 0.025
0 0.45625 0.809375 0.0109375 0.0140625
0 0.17109375 0.3 0.0390625 0.0703125
0 0.62109375 0.38359375 0.084375 0.0796875
0 0.546875 0.375 0.05 0.040625
0 0.67890625 0.50703125 0.0921875 0.08203125
0 0.73359375 0.43671875 0.0546875 0.0484375
0 0.19609375 0.1265625 0.0859375 0.07421875
0 0.17109375 0.215625 0.0359375 0.0953125
0 0.42578125 0.19453125 0.0265625 0.021875
0 0.37265625 0.146875 0.0140625 0.025
0 0.37109375 0.2015625 0.0359375 0.01953125
0 0.35625 0.2375 0.025 0.015625
0 0.18046875 0.03984375 0.021875 0.0234375
0 0.21328125 0.053125 0.0171875 0.0296875
0 0.14453125 0.0578125 0.0234375 0.025
0 0.0046875 0.0109375 0.009375 0.0171875
0 0.11640625 0.015625 0.021875 0.0171875
0 0.25078125 0.24140625 0.015625 0.0171875
0 0.34921875 0.35234375 0.0171875 0.0171875
0 0.446875 0.24921875 0.0078125 0.0140625
0 0.42265625 0.23515625 0.0140625 0.009375
0 0.3734375 0.34296875 0.0078125 0.0140625
0 0.22578125 0.18046875 0.0078125 0.009375