0 0.13359375 0.80390625 0.265625 0.3921875
0 0.34140625 0.78046875 0.146875 0.2328125
0 0.44453125 0.61328125 0.071875 0.0859375
0 0.5890625 0.7859375 0.2390625 0.34765625
0 0.86640625 0.66484375 0.128125 0.2515625
0 0.984375 0.36328125 0.03125 0.03125
0 0.7203125 0.5125 0.059375 0.0796875
0 0.89375 0.50859375 0.0171875 0.021875
0 0.1234375 0.46796875 0.2015625 0.24609375
0 0.47578125 0.1953125 0.390625 0.2265625
0 0.70546875 0.3359375 0.0375 0.02734375
0 0.88125 0.2890625 0.0125 0.0171875
0 0.1375 0.1859375 0.275 0.18125
0 0.2875 0.0421875 0.128125 0.084375
0 0.45859375 0.3234375 0.021875 0.0328125
0 0.590625 0.071875 0.009375 0.01171875