0 0.18984375 0.98046875 0.05625 0.0390625
0 0.01875 0.765625 0.0375 0.1703125
0 0.80703125 0.6703125 0.3859375 0.4390625
0 0.94453125 0.93671875 0.1109375 0.1
0 0.77265625 0.96796875 0.1578125 0.0640625
0 0.7 0.92890625 0.015625 0.0171875
0 0.5765625 0.92578125 0.0796875 0.1484375
0 0.63828125 0.9453125 0.0453125 0.0625
0 0.153125 0.68359375 0.1390625 0.15
0 0.26484375 0.66328125 0.0796875 0.12890625
0 0.390625 0.04609375 0.1046875 0.0921875
0 0.44453125 0.1421875 0.06875 0.05625
0 0.64375 0.228125 0.0578125 0.0453125
0 0.95703125 0.2578125 0.0859375 0.13671875
0 0.99296875 0.134375 0.0140625 0.0375
0 0.05703125 0.06953125 0.1140625 0.12890625
0 0.1515625 0.0484375 0.06875 0.0765625
0 0.21875 0.0125 0.0265625 0.025
0 0.2734375 0.04765625 0.0765625 0.053125
0 0.30390625 0.125 0.0359375 0.0546875
0 0.1 0.184375 0.0328125 0.046875
0 0.17890625 0.14375 0.1015625 0.0640625
0 0.4640625 0.35078125 0.3046875 0.3421875
0 0.03203125 0.4453125 0.0640625 0.3890625
0 0.11640625 0.46015625 0.0953125 0.2984375
0 0.1984375 0.34765625 0.0703125 0.1875
0 0.271875 0.29375 0.0796875 0.21484375
0 0.47421875 0.95390625 0.0359375 0.03125