0 0.046875 0.684375 0.0890625 0.334375
0 0.18671875 0.7546875 0.1671875 0.1234375
0 0.05234375 0.96953125 0.1046875 0.0609375
0 0.04140625 0.0078125 0.0515625 0.015625
0 0.03125 0.078125 0.0375 0.04296875
0 0.015625 0.29609375 0.03125 0.0640625
0 0.11484375 0.0546875 0.0375 0.0375
0 0.38515625 0.02734375 0.0328125 0.0296875
0 0.4296875 0.01640625 0.046875 0.01953125
0 0.5484375 0.0390625 0.0859375 0.078125
0 0.75078125 0.14453125 0.240625 0.13671875
0 0.0296875 0.1765625 0.0390625 0.03125
0 0.0890625 0.2109375 0.0765625 0.2109375
0 0.084375 0.36796875 0.0203125 0.0234375
0 0.17578125 0.41796875 0.0671875 0.1890625
0 0.1640625 0.61015625 0.034375 0.0484375
0 0.2296875 0.5859375 0.0671875 0.0765625
0 0.24453125 0.171875 0.25 0.2109375
0 0.2890625 0.028125 0.0234375 0.0171875
0 0.42265625 0.17890625 0.10625 0.24375
0 0.553125 0.1546875 0.14375 0.1734375
0 0.4984375 0.2625 0.0203125 0.02734375
0 0.4609375 0.0375 0.0265625 0.03125
0 0.840625 0.278125 0.2234375 0.1234375
0 0.98984375 0.315625 0.0203125 0.0453125
0 0.96953125 0.39140625 0.0609375 0.07421875
0 0.38515625 0.875 0.2359375 0.2125
0 0.7859375 0.96796875 0.215625 0.0640625
0 0.55390625 0.5546875 0.4703125 0.4203125
0 0.84453125 0.425 0.09375 0.115625
0 0.70546875 0.85 0.1890625 0.134375
0 0.87890625 0.7109375 0.1890625 0.390625
0 0.94296875 0.49609375 0.0578125 0.03125