0 0.053125 0.55078125 0.10625 0.16796875
0 0.06640625 0.2953125 0.046875 0.025
0 0.56484375 0.08125 0.38125 0.1625
0 0.43046875 0.203125 0.1390625 0.078125
0 0.3421875 0.175 0.040625 0.09375
0 0.89921875 0.05 0.2015625 0.0953125
0 0.925 0.1453125 0.1125 0.08984375
0 0.99375 0.17109375 0.0125 0.0171875
0 0.78046875 0.07734375 0.0234375 0.0171875
0 0.78828125 0.00625 0.0171875 0.01171875
0 0.934375 0.271875 0.05625 0.05625
0 0.99609375 0.3640625 0.0078125 0.02734375
0 0.98046875 0.50625 0.0390625 0.11875
0 0.775 0.49921875 0.14375 0.1734375
0 0.93671875 0.46484375 0.0140625 0.015625
0 0.7375 0.74921875 0.06875 0.0796875
0 0.921875 0.72265625 0.05625 0.1171875
0 0.9921875 0.80390625 0.015625 0.021875
0 0.9765625 0.71171875 0.0234375 0.0484375
0 0.86015625 0.93515625 0.1953125 0.1296875
0 0.68671875 0.8671875 0.0171875 0.0140625
0 0.45546875 0.9453125 0.1859375 0.109375
0 0.25546875 0.94609375 0.1125 0.1078125
0 0.38515625 0.65546875 0.4734375 0.453125