0 0.2546875 0.94921875 0.109375 0.1015625
0 0.86171875 0.940625 0.203125 0.11875
0 0.9921875 0.8046875 0.015625 0.03125
0 0.96015625 0.51640625 0.0796875 0.13125
0 0.93203125 0.271875 0.0671875 0.06640625
0 0.99375 0.3625 0.0125 0.02734375
0 0.95078125 0.0484375 0.0984375 0.096875
0 0.93203125 0.15 0.13125 0.1015625
0 0.8421875 0.01640625 0.11875 0.0328125
0 0.86015625 0.0640625 0.0515625 0.0375
0 0.78203125 0.07734375 0.0328125 0.01953125
0 0.5484375 0.08671875 0.38125 0.1734375
0 0.428125 0.2078125 0.1421875 0.06640625
0 0.33671875 0.16328125 0.0390625 0.0765625
0 0.7734375 0.4953125 0.134375 0.1734375
0 0.73984375 0.75390625 0.08125 0.084375
0 0.875 0.565625 0.0125 0.015625
0 0.9359375 0.72578125 0.0921875 0.11875
0 0.85625 0.81328125 0.0125 0.01171875
0 0.0640625 0.296875 0.0484375 0.025
0 0.053125 0.55 0.10625 0.15234375
0 0.38203125 0.6625 0.478125 0.3921875
0 0.4515625 0.9421875 0.1890625 0.115625
0 0.48203125 0.87109375 0.0171875 0.0171875
0 0.30703125 0.8734375 0.05625 0.02734375
0 0.4703125 0.43046875 0.10625 0.0703125
0 0.68203125 0.8671875 0.0125 0.0171875
0 0.8734375 0.60546875 0.0140625 0.01171875