0 0.9890625 0.81328125 0.021875 0.16796875
0 0.95390625 0.9453125 0.03125 0.03125
0 0.70078125 0.90703125 0.0875 0.084375
0 0.5921875 0.95390625 0.14375 0.0921875
0 0.446875 0.934375 0.1109375 0.13125
0 0.85234375 0.51953125 0.2953125 0.2125
0 0.85234375 0.68671875 0.040625 0.0453125
0 0.79140625 0.6328125 0.0171875 0.0140625
0 0.78828125 0.6703125 0.0125 0.025
0 0.70390625 0.00625 0.0890625 0.01171875
0 0.971875 0.0671875 0.05625 0.0375
0 0.9875 0.0328125 0.0234375 0.021875
0 0.97890625 0.31328125 0.0421875 0.11328125
0 0.69765625 0.07734375 0.0515625 0.040625
0 0.72265625 0.04296875 0.0203125 0.0171875
0 0.79921875 0.06953125 0.0546875 0.0453125
0 0.853125 0.125 0.01875 0.015625
0 0.9421875 0.1671875 0.115625 0.0640625
0 0.93828125 0.103125 0.034375 0.0171875
0 0.784375 0.1671875 0.10625 0.0875
0 0.8625 0.2671875 0.1890625 0.0953125
0 0.9203125 0.2078125 0.0484375 0.01953125
0 0.83515625 0.34453125 0.028125 0.03515625
0 0.75078125 0.34765625 0.034375 0.02734375
0 0.88515625 0.32890625 0.0171875 0.0171875
0 0.85078125 0.15234375 0.01875 0.009375
0 0.78203125 0.10625 0.028125 0.025