0 0.625 0.98359375 0.059375 0.0328125
0 0.46171875 0.984375 0.034375 0.03125
0 0.42578125 0.99375 0.00625 0.0078125
0 0.86328125 0.96484375 0.146875 0.0703125
0 0.75234375 0.98828125 0.015625 0.0234375
0 0.771875 0.96796875 0.0125 0.015625
0 0.87578125 0.91328125 0.034375 0.0296875
0 0.98515625 0.83125 0.0296875 0.0703125
0 0.740625 0.83671875 0.034375 0.040625
0 0.78984375 0.8734375 0.0125 0.021875
0 0.81875 0.85625 0.0265625 0.0375
0 0.9390625 0.4546875 0.121875 0.24609375
0 0.9640625 0.6078125 0.05625 0.0625
0 0.9359375 0.69453125 0.096875 0.109375
0 0.846875 0.5328125 0.0640625 0.109375
0 0.73671875 0.05078125 0.10625 0.1015625
0 0.62109375 0.0515625 0.128125 0.103125
0 0.5296875 0.05078125 0.0546875 0.1015625
0 0.58359375 0.140625 0.1234375 0.0765625
0 0.62265625 0.2578125 0.1265625 0.11328125
0 0.61484375 0.190625 0.009375 0.01171875
0 0.8671875 0.103125 0.1328125 0.1703125
0 0.78515625 0.1671875 0.034375 0.03515625
0 0.8515625 0.2484375 0.1203125 0.08984375
0 0.9359375 0.25703125 0.0296875 0.040625
0 0.92578125 0.2140625 0.0109375 0.0140625
0 0.3171875 0.0203125 0.0359375 0.040625
0 0.0046875 0.0203125 0.009375 0.040625
0 0.04453125 0.00390625 0.0140625 0.0078125
0 0.440625 0.09453125 0.075 0.07421875
0 0.0984375 0.19140625 0.1171875 0.26171875
0 0.16875 0.28828125 0.0234375 0.0390625
0 0.471875 0.2359375 0.1109375 0.1234375
0 0.39765625 0.140625 0.0265625 0.025
0 0.30078125 0.21015625 0.146875 0.18359375
0 0.21171875 0.18125 0.0296875 0.05625
0 0.16484375 0.14140625 0.009375 0.01171875
0 0.18359375 0.16328125 0.009375 0.01171875
0 0.37109375 0.35859375 0.090625 0.11875
0 0.39375 0.265625 0.0375 0.05625
0 0.315625 0.47734375 0.1546875 0.103125
0 0.453125 0.47578125 0.1234375 0.12109375
0 0.53828125 0.44921875 0.04375 0.1
0 0.2078125 0.44375 0.05 0.046875
0 0.19921875 0.5984375 0.0765625 0.2203125
0 0.14921875 0.5796875 0.021875 0.0703125
0 0.15703125 0.6734375 0.009375 0.03125
0 0.253125 0.6890625 0.03125 0.11328125
0 0.23046875 0.7234375 0.0140625 0.03515625
0 0.3296875 0.61796875 0.08125 0.109375
0 0.34765625 0.78828125 0.134375 0.2171875
0 0.4421875 0.73828125 0.0578125 0.08203125
0 0.5375 0.740625 0.1125 0.15
0 0.46640625 0.67109375 0.028125 0.04296875
0 0.57734375 0.61875 0.028125 0.04296875
0 0.63671875 0.678125 0.059375 0.10546875
0 0.7609375 0.56171875 0.0703125 0.0640625
0 0.6921875 0.5328125 0.0171875 0.0171875
0 0.79140625 0.65625 0.09375 0.0625
0 0.73046875 0.71171875 0.05 0.046875
0 0.72578125 0.62890625 0.040625 0.03515625
0 0.6984375 0.62890625 0.0078125 0.01171875
0 0.64765625 0.50625 0.009375 0.009375
0 0.57109375 0.5375 0.0265625 0.0234375
0 0.5296875 0.525 0.009375 0.009375
0 0.81875 0.721875 0.071875 0.0625
0 0.79921875 0.7859375 0.05625 0.0546875
0 0.865625 0.68828125 0.0125 0.0171875
0 0.64765625 0.60859375 0.0078125 0.009375
0 0.29765625 0.078125 0.0078125 0.0140625
0 0.01875 0.0625 0.0125 0.015625