0 0.03125 0.009375 0.0375 0.01875
0 0.3015625 0.02265625 0.04375 0.0453125
0 0.62578125 0.0453125 0.2859375 0.08984375
0 0.57265625 0.128125 0.1296875 0.0765625
0 0.840625 0.090625 0.121875 0.171875
0 0.76796875 0.15546875 0.0296875 0.0234375
0 0.7375 0.1625 0.0125 0.0171875
0 0.846875 0.23046875 0.1078125 0.0921875
0 0.921875 0.24140625 0.0328125 0.040625
0 0.9109375 0.1984375 0.0125 0.0171875
0 0.934375 0.440625 0.13125 0.2359375
0 0.9265625 0.6828125 0.090625 0.1
0 0.95546875 0.59296875 0.06875 0.0765625
0 0.8359375 0.51640625 0.0609375 0.11328125
0 0.75078125 0.55078125 0.0765625 0.0703125
0 0.8125 0.6796875 0.0859375 0.1390625
0 0.86015625 0.6671875 0.0109375 0.021875
0 0.7296875 0.63203125 0.0828125 0.0609375
0 0.72578125 0.696875 0.0484375 0.040625
0 0.7421875 0.82109375 0.0375 0.040625
0 0.79375 0.77734375 0.059375 0.0546875
0 0.80625 0.846875 0.0453125 0.040625
0 0.86484375 0.95078125 0.1609375 0.0984375
0 0.88125 0.8875 0.034375 0.0296875
0 0.9796875 0.80625 0.040625 0.06640625
0 0.909375 0.803125 0.0125 0.0078125
0 0.7734375 0.9515625 0.0140625 0.025
0 0.75859375 0.9765625 0.01875 0.0296875
0 0.63125 0.98203125 0.115625 0.0359375
0 0.47109375 0.9796875 0.0375 0.040625
0 0.4328125 0.98828125 0.009375 0.01171875
0 0.42421875 0.96796875 0.0078125 0.01171875
0 0.08359375 0.1984375 0.1109375 0.259375
0 0.1609375 0.29375 0.025 0.040625
0 0.296875 0.21796875 0.134375 0.18125
0 0.3609375 0.36640625 0.084375 0.11875
0 0.38515625 0.27265625 0.040625 0.04296875
0 0.465625 0.2328125 0.0953125 0.115625
0 0.6078125 0.25078125 0.1296875 0.11328125
0 0.60234375 0.1734375 0.0140625 0.0171875
0 0.4265625 0.096875 0.059375 0.0640625
0 0.38125 0.14453125 0.015625 0.0171875
0 0.27734375 0.07734375 0.0234375 0.021875
0 0.21953125 0.1828125 0.0203125 0.08203125
0 0.19609375 0.1890625 0.0265625 0.0484375
0 0.17265625 0.1765625 0.0140625 0.0171875
0 0.1515625 0.153125 0.00625 0.01171875
0 0.4546875 0.47578125 0.0984375 0.140625
0 0.52890625 0.4453125 0.0484375 0.103125
0 0.33125 0.484375 0.1421875 0.115625
0 0.2453125 0.47734375 0.0296875 0.01953125
0 0.20390625 0.45390625 0.046875 0.0453125
0 0.2546875 0.50703125 0.009375 0.015625
0 0.20234375 0.60859375 0.05625 0.240625
0 0.153125 0.59296875 0.0484375 0.071875
0 0.16171875 0.6890625 0.025 0.0609375
0 0.24765625 0.684375 0.0328125 0.0859375
0 0.240625 0.740625 0.0328125 0.0296875
0 0.32734375 0.6265625 0.0921875 0.115625
0 0.37421875 0.796875 0.19375 0.2203125
0 0.53046875 0.73515625 0.0953125 0.1578125
0 0.46796875 0.66484375 0.0328125 0.040625
0 0.57265625 0.60625 0.021875 0.0375
0 0.6234375 0.63125 0.046875 0.03515625
0 0.64296875 0.68671875 0.05625 0.0765625
0 0.690625 0.5203125 0.015625 0.015625
0 0.63984375 0.496875 0.0171875 0.015625
0 0.64453125 0.6 0.0125 0.015625
0 0.6828125 0.603125 0.0125 0.015625
0 0.88828125 0.284375 0.0140625 0.0171875
0 0.25625 0.0609375 0.0140625 0.015625
0 0.278125 0.35 0.0171875 0.0171875
0 0.0046875 0.07734375 0.009375 0.021875