0 0.08125 0.4765625 0.1625 0.48046875
0 0.865625 0.27734375 0.1375 0.24609375
0 0.8953125 0.1265625 0.0171875 0.0171875
0 0.72578125 0.121875 0.0515625 0.0765625
0 0.11796875 0.1109375 0.2046875 0.221875
0 0.2296875 0.00859375 0.0125 0.01171875
0 0.5984375 0.38359375 0.2421875 0.3828125
0 0.4390625 0.215625 0.071875 0.0953125
0 0.2453125 0.5921875 0.05625 0.1703125
0 0.31796875 0.396875 0.2046875 0.2203125
0 0.18828125 0.5375 0.05625 0.3140625
0 0.29453125 0.99296875 0.009375 0.0140625
0 0.259375 0.99609375 0.009375 0.0078125
0 0.33515625 0.99609375 0.0140625 0.0078125
0 0.5078125 0.8390625 0.0109375 0.01953125
0 0.9953125 0.1828125 0.009375 0.0328125
0 0.07109375 0.73515625 0.0359375 0.0390625