0 0.040625 0.68828125 0.08125 0.321875
0 0.053125 0.97578125 0.1 0.0484375
0 0.01640625 0.3 0.0328125 0.053125
0 0.04375 0.01171875 0.05 0.01953125
0 0.025 0.09765625 0.04375 0.09765625
0 0.11875 0.053125 0.034375 0.03515625
0 0.02890625 0.171875 0.0359375 0.0546875
0 0.2140625 0.19453125 0.31875 0.2515625
0 0.0828125 0.3671875 0.01875 0.01953125
0 0.1 0.49140625 0.015625 0.06875
0 0.42421875 0.16484375 0.1015625 0.3265625
0 0.5375 0.0984375 0.121875 0.1890625
0 0.7375 0.1484375 0.271875 0.140625
0 0.59140625 0.21796875 0.028125 0.05625
0 0.49609375 0.2609375 0.0140625 0.0171875
0 0.1796875 0.421875 0.08125 0.19140625
0 0.16484375 0.6140625 0.040625 0.0484375
0 0.18671875 0.759375 0.1734375 0.125
0 0.84375 0.275 0.221875 0.12890625
0 0.98984375 0.36328125 0.0203125 0.1484375
0 0.95625 0.371875 0.05625 0.053125
0 0.80859375 0.4171875 0.1515625 0.0875
0 0.53515625 0.5390625 0.53125 0.41015625
0 0.90546875 0.525 0.1171875 0.125
0 0.3859375 0.859375 0.23125 0.2265625
0 0.78203125 0.96484375 0.2328125 0.0703125
0 0.71171875 0.82890625 0.1921875 0.1703125
0 0.89296875 0.74296875 0.1921875 0.3109375
0 0.2859375 0.0328125 0.025 0.01953125
0 0.24921875 0.015625 0.0203125 0.01953125