0 0.03125 0.01171875 0.046875 0.0234375
0 0.00546875 0.0796875 0.0109375 0.015625
0 0.08046875 0.19609375 0.125 0.2671875
0 0.159375 0.290625 0.025 0.0328125
0 0.62890625 0.0484375 0.2859375 0.096875
0 0.5703125 0.1375 0.1296875 0.078125
0 0.42734375 0.0984375 0.0640625 0.06875
0 0.29609375 0.0234375 0.0359375 0.046875
0 0.8421875 0.0890625 0.134375 0.178125
0 0.84375 0.23125 0.1078125 0.08203125
0 0.92421875 0.240625 0.0296875 0.0375
0 0.9109375 0.19921875 0.0140625 0.01171875
0 0.93515625 0.43671875 0.1234375 0.2359375
0 0.928125 0.66875 0.1 0.109375
0 0.95859375 0.5828125 0.065625 0.05625
0 0.83984375 0.51171875 0.0703125 0.109375
0 0.81484375 0.671875 0.071875 0.12109375
0 0.86015625 0.6671875 0.0171875 0.021875
0 0.98046875 0.8046875 0.0390625 0.05859375
0 0.86328125 0.953125 0.1453125 0.09375
0 0.88515625 0.8875 0.0234375 0.02734375
0 0.79375 0.7875 0.0515625 0.0328125
0 0.74140625 0.81875 0.0328125 0.0390625
0 0.79140625 0.853125 0.015625 0.0234375
0 0.81953125 0.8359375 0.0171875 0.0375
0 0.728125 0.696875 0.05 0.05625
0 0.7515625 0.63359375 0.05 0.05859375
0 0.7140625 0.61328125 0.025 0.0375
0 0.75390625 0.54609375 0.0703125 0.078125
0 0.690625 0.521875 0.021875 0.0171875
0 0.4671875 0.2328125 0.1015625 0.1234375
0 0.61171875 0.24609375 0.1265625 0.109375
0 0.76640625 0.15234375 0.0203125 0.025
0 0.73515625 0.1609375 0.0078125 0.009375
0 0.2765625 0.07890625 0.0203125 0.0296875
0 0.25546875 0.059375 0.0109375 0.009375
0 0.38359375 0.14453125 0.0203125 0.0234375
0 0.296875 0.2109375 0.1296875 0.18359375
0 0.38359375 0.27734375 0.046875 0.0484375
0 0.36015625 0.3640625 0.090625 0.11875
0 0.2203125 0.18359375 0.0203125 0.0703125
0 0.1984375 0.19453125 0.0125 0.01953125
0 0.18984375 0.17890625 0.0140625 0.01953125
0 0.17109375 0.1734375 0.015625 0.015625
0 0.153125 0.153125 0.009375 0.01171875
0 0.31171875 0.4875 0.121875 0.11328125
0 0.2421875 0.478125 0.0203125 0.0171875
0 0.20390625 0.44609375 0.05625 0.040625
0 0.21015625 0.60234375 0.071875 0.23046875
0 0.153125 0.5859375 0.040625 0.0796875
0 0.1625 0.68671875 0.025 0.05859375
0 0.25859375 0.6828125 0.021875 0.06640625
0 0.240625 0.7375 0.0328125 0.0390625
0 0.32421875 0.6359375 0.084375 0.1484375
0 0.34296875 0.8015625 0.125 0.19140625
0 0.4390625 0.7578125 0.0671875 0.115625
0 0.4125 0.484375 0.075 0.109375
0 0.4734375 0.45625 0.046875 0.109375
0 0.52421875 0.4453125 0.0484375 0.1015625
0 0.63359375 0.66796875 0.0671875 0.103125
0 0.6953125 0.6171875 0.0140625 0.015625
0 0.6328125 0.98203125 0.109375 0.0359375
0 0.75625 0.97578125 0.0203125 0.01953125
0 0.7765625 0.953125 0.0140625 0.025
0 0.46953125 0.98203125 0.0359375 0.0359375
0 0.43359375 0.98515625 0.0125 0.0140625
0 0.4234375 0.9671875 0.0109375 0.015625
0 0.53203125 0.728125 0.1 0.1484375
0 0.46640625 0.665625 0.025 0.040625
0 0.57109375 0.6109375 0.03125 0.02734375
0 0.64453125 0.6 0.015625 0.015625
0 0.565625 0.53046875 0.021875 0.0171875
0 0.52421875 0.5203125 0.0140625 0.015625
0 0.63984375 0.496875 0.0140625 0.01171875
0 0.27890625 0.3484375 0.0109375 0.0140625
0 0.784375 0.2375 0.0125 0.0171875
0 0.8890625 0.284375 0.009375 0.015625
0 0.9078125 0.8015625 0.0109375 0.015625
0 0.79375 0.7515625 0.04375 0.03515625
0 0.68203125 0.603125 0.00625 0.015625
0 0.86640625 0.8875 0.00625 0.00625