0 0.02734375 0.87109375 0.0515625 0.1
0 0.03984375 0.16875 0.0671875 0.09765625
0 0.96328125 0.10546875 0.0203125 0.015625
0 0.98203125 0.215625 0.0359375 0.040625
0 0.83125 0.10546875 0.0125 0.0171875
0 0.83359375 0.12890625 0.0125 0.0140625
0 0.2703125 0.10078125 0.1140625 0.2015625
0 0.60859375 0.1046875 0.0671875 0.05078125
0 0.60546875 0.25390625 0.2328125 0.12890625
0 0.7921875 0.3578125 0.059375 0.0640625
0 0.759375 0.2796875 0.0328125 0.03125
0 0.853125 0.296875 0.021875 0.021875
0 0.9171875 0.428125 0.0765625 0.1390625
0 0.8875 0.340625 0.01875 0.0171875
0 0.89296875 0.58671875 0.0984375 0.084375
0 0.91328125 0.6453125 0.0171875 0.01953125
0 0.16796875 0.14765625 0.071875 0.0921875
0 0.1640625 0.05625 0.046875 0.040625
0 0.1109375 0.06953125 0.0203125 0.0171875
0 0.07265625 0.00390625 0.0140625 0.0078125
0 0.059375 0.25703125 0.04375 0.046875
0 0.01484375 0.2578125 0.0125 0.021875
0 0.0046875 0.2953125 0.0078125 0.0171875
0 0.1375 0.328125 0.0421875 0.0609375
0 0.14375 0.23046875 0.0203125 0.025
0 0.015625 0.6953125 0.03125 0.08203125
0 0.234375 0.62421875 0.225 0.4375
0 0.4953125 0.6609375 0.159375 0.1703125
0 0.475 0.75625 0.05 0.0234375
0 0.53984375 0.76484375 0.009375 0.01171875
0 0.38203125 0.67578125 0.0671875 0.115625
0 0.675 0.7625 0.2046875 0.34375
0 0.55390625 0.8765625 0.0359375 0.09375
0 0.4859375 0.88671875 0.05625 0.03515625
0 0.5265625 0.896875 0.009375 0.025
0 0.69765625 0.98828125 0.0421875 0.0234375
0 0.57265625 0.99296875 0.01875 0.0140625
0 0.17109375 0.94296875 0.1703125 0.1140625
0 0.209375 0.85234375 0.0359375 0.0171875
0 0.175 0.86328125 0.0109375 0.01171875
0 0.125 0.2765625 0.015625 0.0171875
0 0.01015625 0.08203125 0.0125 0.0171875
0 0.09609375 0.24609375 0.0125 0.0234375
0 0.37109375 0.21875 0.0984375 0.0296875
0 0.48359375 0.140625 0.0875 0.0921875
0 0.54765625 0.1296875 0.01875 0.021875
0 0.74296875 0.35234375 0.015625 0.021875
0 0.71171875 0.3421875 0.009375 0.009375
0 0.609375 0.4125 0.103125 0.0765625
0 0.5296875 0.4015625 0.046875 0.03515625
0 0.33125 0.25703125 0.0171875 0.0140625
0 0.42109375 0.10625 0.028125 0.0390625
0 0.44296875 0.08671875 0.009375 0.0078125
0 0.3890625 0.11640625 0.025 0.03125
0 0.34296875 0.159375 0.025 0.0234375
0 0.3484375 0.10546875 0.0140625 0.01171875
0 0.33359375 0.1296875 0.0109375 0.0140625
0 0.19609375 0.19921875 0.0140625 0.015625
0 0.19609375 0.2328125 0.00625 0.01171875
0 0.2390625 0.3 0.009375 0.0140625
0 0.31953125 0.384375 0.0140625 0.021875
0 0.29140625 0.396875 0.0203125 0.0140625
0 0.1078125 0.7671875 0.025 0.1265625
0 0.4375 0.8703125 0.025 0.03125
0 0.621875 0.98828125 0.034375 0.0234375
0 0.66640625 0.54375 0.0984375 0.0859375
0 0.73125 0.46484375 0.05 0.0546875
0 0.42265625 0.271875 0.0140625 0.015625
0 0.26484375 0.2109375 0.0109375 0.0140625
0 0.346875 0.36875 0.0109375 0.021875
0 0.35546875 0.434375 0.0203125 0.05625
0 0.38515625 0.446875 0.0203125 0.0140625
0 0.21953125 0.265625 0.015625 0.0140625
0 0.2984375 0.35 0.0125 0.0375
0 0.70703125 0.965625 0.0140625 0.0171875
0 0.78203125 0.996875 0.021875 0.00625
0 0.3578125 0.06171875 0.0140625 0.0140625