0 0.03125 0.05546875 0.0625 0.1109375
0 0.08125 0.0890625 0.021875 0.0484375
0 0.28515625 0.0546875 0.2265625 0.109375
0 0.48046875 0.0484375 0.1421875 0.096875
0 0.6765625 0.06328125 0.178125 0.1265625
0 0.94765625 0.071875 0.1046875 0.103125
0 0.965625 0.4234375 0.06875 0.15
0 0.34296875 0.178125 0.13125 0.140625
0 0.28984375 0.3359375 0.234375 0.18359375
0 0.5015625 0.33125 0.1796875 0.1859375
0 0.85546875 0.4609375 0.090625 0.09375
0 0.925 0.52734375 0.0125 0.01171875
0 0.92265625 0.67578125 0.1140625 0.2515625
0 0.9890625 0.63671875 0.0203125 0.021875
0 0.95234375 0.9796875 0.0953125 0.040625
0 0.91640625 0.884375 0.0484375 0.0796875
0 0.8296875 0.834375 0.04375 0.05859375
0 0.815625 0.6578125 0.053125 0.0609375
0 0.8171875 0.55625 0.0953125 0.078125
0 0.6921875 0.603125 0.09375 0.140625
0 0.23125 0.15546875 0.0171875 0.0171875
0 0.121875 0.28125 0.05625 0.0625
0 0.096875 0.5078125 0.1625 0.35
0 0.28125 0.51640625 0.1265625 0.16015625
0 0.32421875 0.7484375 0.259375 0.30078125
0 0.53828125 0.6890625 0.1671875 0.1796875
0 0.4578125 0.5796875 0.0453125 0.03515625
0 0.615625 0.5234375 0.034375 0.040625
0 0.7703125 0.4140625 0.0234375 0.021875
0 0.6046875 0.415625 0.025 0.03125
0 0.99375 0.928125 0.0125 0.025