0 0.83828125 0.0625 0.11875 0.125
0 0.76484375 0.10546875 0.028125 0.02734375
0 0.7328125 0.11328125 0.0109375 0.015625
0 0.7296875 0.01875 0.071875 0.0375
0 0.571875 0.0625 0.0875 0.125
0 0.496875 0.0390625 0.0375 0.078125
0 0.51484375 0.0984375 0.0265625 0.05078125
0 0.64921875 0.01171875 0.06875 0.0234375
0 0.6015625 0.203125 0.1328125 0.1109375
0 0.59296875 0.13671875 0.0171875 0.01171875
0 0.44140625 0.1984375 0.11875 0.115625
0 0.40546875 0.05078125 0.0671875 0.06640625
0 0.3625 0.1015625 0.028125 0.02734375
0 0.26640625 0.1828125 0.1234375 0.1875
0 0.3421875 0.33125 0.0953125 0.1109375
0 0.353125 0.240625 0.053125 0.07421875
0 0.3265625 0.4640625 0.209375 0.1171875
0 0.49296875 0.4140625 0.11875 0.109375
0 0.4390625 0.48359375 0.0171875 0.025
0 0.05390625 0.17109375 0.1078125 0.2734375
0 0.1234375 0.26484375 0.01875 0.0453125
0 0.18984375 0.1375 0.0171875 0.05078125
0 0.1609375 0.1546875 0.025 0.03515625
0 0.18828125 0.1796875 0.009375 0.015625
0 0.13984375 0.1421875 0.0125 0.0171875
0 0.1203125 0.12109375 0.009375 0.0140625
0 0.24140625 0.0328125 0.0140625 0.015625
0 0.253125 0.0453125 0.0125 0.015625
0 0.171875 0.42890625 0.0484375 0.040625
0 0.18203125 0.596875 0.0796875 0.24375
0 0.23671875 0.6796875 0.025 0.0796875
0 0.21953125 0.73515625 0.034375 0.021875
0 0.12578125 0.57734375 0.034375 0.0859375
0 0.13125 0.68359375 0.0171875 0.0484375
0 0.30390625 0.6046875 0.0921875 0.115625
0 0.36015625 0.79375 0.203125 0.2265625
0 0.3015625 0.671875 0.0375 0.021875
0 0.51796875 0.7109375 0.0953125 0.1578125
0 0.45390625 0.65234375 0.034375 0.0484375
0 0.56484375 0.59375 0.028125 0.03125
0 0.61640625 0.62109375 0.04375 0.05859375
0 0.63515625 0.6828125 0.0484375 0.05625
0 0.66328125 0.64375 0.0234375 0.03515625
0 0.55859375 0.503125 0.021875 0.0171875
0 0.44765625 0.515625 0.0078125 0.0171875
0 0.51484375 0.49375 0.0109375 0.009375
0 0.6921875 0.49375 0.0171875 0.021875
0 0.84296875 0.1890625 0.1265625 0.0875
0 0.92890625 0.19453125 0.0296875 0.03125
0 0.91796875 0.1453125 0.009375 0.0171875
0 0.9390625 0.3953125 0.121875 0.25625
0 0.94765625 0.6453125 0.0921875 0.1234375
0 0.97265625 0.55390625 0.0546875 0.05625
0 0.85 0.484375 0.0546875 0.11875
0 0.759375 0.51875 0.0765625 0.0796875
0 0.82734375 0.66015625 0.0875 0.1546875
0 0.73359375 0.6046875 0.1046875 0.071875
0 0.7328125 0.678125 0.0609375 0.05625
0 0.74921875 0.81640625 0.040625 0.0453125
0 0.646875 0.98203125 0.1 0.0359375
0 0.4671875 0.98984375 0.028125 0.0203125
0 0.8078125 0.775 0.0484375 0.02734375
0 0.99375 0.78984375 0.0125 0.02734375
0 0.8859375 0.94921875 0.1515625 0.1015625
0 0.7734375 0.97578125 0.025 0.02734375
0 0.79140625 0.9484375 0.021875 0.021875
0 0.80390625 0.8484375 0.0171875 0.025
0 0.83671875 0.82890625 0.025 0.0375
0 0.89765625 0.88203125 0.040625 0.03515625
0 0.80078125 0.7484375 0.0078125 0.009375
0 0.81953125 0.75 0.0109375 0.0078125
0 0.92890625 0.7859375 0.0109375 0.015625
0 0.87734375 0.6453125 0.00625 0.015625