0 0.37578125 0.8640625 0.2171875 0.225
0 0.04453125 0.68359375 0.0890625 0.3203125
0 0.05546875 0.97421875 0.1015625 0.0515625
0 0.18984375 0.7578125 0.1609375 0.1015625
0 0.16796875 0.61328125 0.040625 0.03515625
0 0.2328125 0.5859375 0.06875 0.06640625
0 0.01640625 0.29765625 0.0328125 0.05625
0 0.09921875 0.49296875 0.0203125 0.0484375
0 0.18203125 0.40234375 0.0796875 0.16015625
0 0.02421875 0.090625 0.0421875 0.071875
0 0.0375 0.0109375 0.028125 0.021875
0 0.0265625 0.18125 0.0375 0.0390625
0 0.090625 0.275 0.071875 0.078125
0 0.11796875 0.053125 0.0421875 0.03515625
0 0.17421875 0.16015625 0.2328125 0.16796875
0 0.1734375 0.2640625 0.025 0.04296875
0 0.3328125 0.1515625 0.0796875 0.15
0 0.42890625 0.01640625 0.0296875 0.025
0 0.40703125 0.225 0.0390625 0.1640625
0 0.44453125 0.103125 0.0421875 0.09765625
0 0.4578125 0.0328125 0.015625 0.0234375
0 0.7921875 0.96796875 0.2 0.0640625
0 0.6671875 0.971875 0.021875 0.021875
0 0.54921875 0.0328125 0.0828125 0.0625
0 0.54296875 0.1296875 0.1484375 0.0921875
0 0.60390625 0.20390625 0.0421875 0.0296875
0 0.590625 0.23515625 0.025 0.025
0 0.659375 0.20625 0.028125 0.0296875
0 0.503125 0.259375 0.028125 0.0234375
0 0.6828125 0.12109375 0.0859375 0.09375
0 0.8 0.15546875 0.140625 0.115625
0 0.84375 0.271875 0.2125 0.125
0 0.9921875 0.3125 0.015625 0.05078125
0 0.8109375 0.4203125 0.146875 0.08984375
0 0.553125 0.53515625 0.46875 0.41796875
0 0.88671875 0.690625 0.184375 0.4390625
0 0.71875 0.8375 0.1375 0.1171875
0 0.08515625 0.3671875 0.0171875 0.01953125
0 0.675 0.25703125 0.015625 0.0171875
0 0.99453125 0.39140625 0.0109375 0.040625
0 0.9734375 0.378125 0.025 0.02734375
0 0.946875 0.365625 0.0140625 0.01953125
0 0.38671875 0.03046875 0.0234375 0.021875