0 0.1796875 0.97734375 0.0796875 0.0453125
0 0.38125 0.971875 0.0109375 0.015625
0 0.01640625 0.759375 0.0328125 0.165625
0 0.26171875 0.659375 0.0828125 0.12109375
0 0.0453125 0.44140625 0.0875 0.3921875
0 0.15390625 0.684375 0.13125 0.1546875
0 0.12421875 0.4390625 0.0703125 0.2578125
0 0.9359375 0.7390625 0.128125 0.478125
0 0.76875 0.96640625 0.153125 0.0671875
0 0.59140625 0.9234375 0.0953125 0.146875
0 0.959375 0.25625 0.08125 0.1390625
0 0.9953125 0.134375 0.009375 0.02734375
0 0.74375 0.53046875 0.2578125 0.15234375
0 0.77421875 0.64765625 0.1875 0.0765625
0 0.75234375 0.7859375 0.2265625 0.196875
0 0.6515625 0.92578125 0.0140625 0.02734375
0 0.69921875 0.92578125 0.015625 0.015625
0 0.06015625 0.0640625 0.1203125 0.12109375
0 0.15625 0.0484375 0.0703125 0.06875
0 0.39453125 0.04765625 0.1 0.0953125
0 0.44375 0.14453125 0.0703125 0.06640625
0 0.221875 0.0125 0.0296875 0.0234375
0 0.27421875 0.05078125 0.0796875 0.05078125
0 0.178125 0.14453125 0.096875 0.06640625
0 0.10234375 0.18828125 0.0328125 0.040625
0 0.30546875 0.13359375 0.025 0.0328125
0 0.18046875 0.38671875 0.04375 0.178125
0 0.403125 0.3328125 0.178125 0.27734375
0 0.55546875 0.4484375 0.121875 0.11328125
0 0.55390625 0.3828125 0.0140625 0.01171875
0 0.45546875 0.496875 0.0796875 0.05078125
0 0.25625 0.2953125 0.1125 0.2265625
0 0.29609375 0.46796875 0.0109375 0.01171875
0 0.64296875 0.23359375 0.0484375 0.0328125
0 0.478125 0.95234375 0.0265625 0.021875
0 0.33125 0.0046875 0.009375 0.009375
0 0.984375 0.00390625 0.0125 0.0078125
0 0.2875 0.00390625 0.009375 0.0078125