0 0.80078125 0.94296875 0.2140625 0.1140625
0 0.96328125 0.9546875 0.0171875 0.02734375
0 0.03828125 0.953125 0.0765625 0.09375
0 0.0984375 0.9546875 0.034375 0.04296875
0 0.046875 0.64921875 0.090625 0.321875
0 0.190625 0.71171875 0.16875 0.109375
0 0.39453125 0.83671875 0.2421875 0.2015625
0 0.2375 0.546875 0.059375 0.078125
0 0.16640625 0.57421875 0.0375 0.0546875
0 0.89921875 0.7296875 0.2015625 0.2828125
0 0.728125 0.80078125 0.1390625 0.0859375
0 0.553125 0.51171875 0.4609375 0.4296875
0 0.8625 0.2375 0.2234375 0.109375
0 0.85625 0.38125 0.078125 0.0875
0 0.79296875 0.35625 0.0234375 0.03515625
0 0.903125 0.5171875 0.1109375 0.0703125
0 0.9546875 0.4453125 0.0625 0.0546875
0 0.01953125 0.2640625 0.0390625 0.0546875
0 0.55078125 0.10234375 0.09375 0.07421875
0 0.73828125 0.1140625 0.2734375 0.1234375
0 0.59765625 0.2 0.0203125 0.0328125
0 0.403125 0.2359375 0.0484375 0.05859375
0 0.17734375 0.38984375 0.0828125 0.1890625
0 0.10390625 0.44609375 0.0296875 0.0390625
0 0.09765625 0.24921875 0.08125 0.07421875
0 0.0921875 0.3359375 0.0171875 0.0234375
0 0.434375 0.12578125 0.1 0.1578125
0 0.215625 0.13671875 0.290625 0.13671875
0 0.1921875 0.22265625 0.034375 0.03125
0 0.0171875 0.0796875 0.034375 0.025
0 0.12734375 0.025 0.0375 0.025
0 0.00859375 0.009375 0.0171875 0.01875
0 0.5234375 0.0171875 0.040625 0.034375
0 0.57734375 0.01640625 0.034375 0.0328125
0 0.39296875 0.009375 0.0203125 0.01875
0 0.29609375 0.0078125 0.01875 0.015625
0 0.43203125 0.00625 0.015625 0.01171875
0 0.97890625 0.3375 0.0421875 0.0390625