0 0.6359375 0.953125 0.2 0.09375
0 0.81015625 0.9890625 0.0453125 0.021875
0 0.04296875 0.8125 0.0859375 0.10546875
0 0.03984375 0.64140625 0.0578125 0.071875
0 0.215625 0.90625 0.2203125 0.1875
0 0.2609375 0.57734375 0.2578125 0.415625
0 0.49140625 0.61640625 0.196875 0.1953125
0 0.403125 0.41328125 0.025 0.0140625
0 0.7015625 0.721875 0.215625 0.303125
0 0.56953125 0.81640625 0.05 0.0875
0 0.51015625 0.8171875 0.0703125 0.0375
0 0.46171875 0.80625 0.028125 0.02734375
0 0.896875 0.5484375 0.0984375 0.07421875
0 0.9140625 0.60234375 0.0171875 0.01171875
0 0.98515625 0.19921875 0.0296875 0.0390625
0 0.9671875 0.0984375 0.0328125 0.025
0 0.0203125 0.23046875 0.040625 0.13125
0 0.0734375 0.1546875 0.0671875 0.0953125
0 0.1015625 0.234375 0.0625 0.0453125
0 0.05078125 0.23359375 0.0171875 0.0171875
0 0.00625 0.0109375 0.0125 0.021875
0 0.3046875 0.09453125 0.121875 0.1890625
0 0.62734375 0.2375 0.2375 0.12109375
0 0.36953125 0.203125 0.0375 0.0171875
0 0.37265625 0.14765625 0.0140625 0.015625
0 0.2015625 0.1703125 0.0875 0.171875
0 0.18046875 0.296875 0.0484375 0.0546875
0 0.13984375 0.05625 0.028125 0.015625
0 0.17890625 0.04375 0.0171875 0.01953125
0 0.2125 0.053125 0.0171875 0.0296875
0 0.47734375 0.125 0.146875 0.1078125
0 0.60625 0.0984375 0.096875 0.06875
0 0.62734375 0.3796875 0.0796875 0.071875
0 0.67890625 0.5015625 0.0953125 0.0625
0 0.74375 0.42578125 0.053125 0.06640625
0 0.66875 0.54765625 0.0125 0.015625
0 0.803125 0.3359375 0.0578125 0.06640625
0 0.91640625 0.3984375 0.075 0.1328125
0 0.75390625 0.325 0.021875 0.025
0 0.7734375 0.2625 0.03125 0.0296875
0 0.8578125 0.28125 0.025 0.025
0 0.428125 0.19453125 0.0234375 0.015625
0 0.54765625 0.3765625 0.0484375 0.040625
0 0.346875 0.3546875 0.01875 0.015625
0 0.27265625 0.27421875 0.0140625 0.0171875
0 0.84296875 0.10078125 0.009375 0.015625
0 0.4484375 0.2484375 0.0125 0.0140625
0 0.3734375 0.33984375 0.009375 0.0171875
0 0.72421875 0.31875 0.009375 0.009375