0 0.9546875 0.94609375 0.090625 0.1078125
0 0.875 0.97265625 0.06875 0.0546875
0 0.81484375 0.984375 0.0375 0.03125
0 0.65390625 0.9890625 0.05 0.021875
0 0.0734375 0.11328125 0.125 0.2265625
0 0.14765625 0.19453125 0.0203125 0.0375
0 0.27421875 0.1078125 0.1765625 0.2015625
0 0.37421875 0.2703125 0.103125 0.12890625
0 0.39296875 0.171875 0.0578125 0.0703125
0 0.48984375 0.1421875 0.1234375 0.125
0 0.45546875 0.0125 0.071875 0.025
0 0.409375 0.03515625 0.0296875 0.02734375
0 0.61796875 0.0375 0.1453125 0.07421875
0 0.65546875 0.1640625 0.1421875 0.1265625
0 0.65703125 0.0859375 0.0203125 0.021875
0 0.9078125 0.0546875 0.1765625 0.109375
0 0.91328125 0.1671875 0.1265625 0.08984375
0 0.99375 0.1375 0.0109375 0.015625
0 0.99453125 0.18828125 0.0109375 0.0234375
0 0.97109375 0.3140625 0.0484375 0.040625
0 0.41484375 0.403125 0.340625 0.15234375
0 0.18515625 0.3671875 0.0515625 0.0546875
0 0.16875 0.55859375 0.1484375 0.2953125
0 0.23203125 0.3953125 0.0265625 0.0296875
0 0.325 0.565625 0.1125 0.134375
0 0.3671875 0.7625 0.234375 0.25390625
0 0.55625 0.71875 0.146875 0.16796875
0 0.47890625 0.6203125 0.0359375 0.025
0 0.98984375 0.3765625 0.0203125 0.078125
0 0.93828125 0.484375 0.1234375 0.1328125
0 0.97734375 0.67265625 0.0453125 0.0859375
0 0.81171875 0.51640625 0.0828125 0.0765625
0 0.878125 0.69921875 0.115625 0.2125
0 0.78828125 0.60859375 0.0671875 0.078125
0 0.7765625 0.68671875 0.0640625 0.0609375
0 0.740625 0.4828125 0.0203125 0.0234375
0 0.684375 0.4484375 0.0125 0.01171875
0 0.59609375 0.4828125 0.021875 0.021875
0 0.60390625 0.57421875 0.0328125 0.040625
0 0.65859375 0.609375 0.046875 0.05859375
0 0.68203125 0.66796875 0.0640625 0.06640625
0 0.73515625 0.5796875 0.025 0.0375
0 0.78515625 0.8328125 0.0359375 0.05078125
0 0.86015625 0.871875 0.05 0.05078125
0 0.465625 0.9859375 0.0375 0.02734375
0 0.425 0.9796875 0.0328125 0.0296875
0 0.97890625 0.8171875 0.0109375 0.0140625
0 0.16953125 0.05546875 0.0125 0.0171875
0 0.27734375 0.2546875 0.021875 0.021875