0 0.2 0.9765625 0.0828125 0.046875
0 0.028125 0.76171875 0.05625 0.1734375
0 0.6203125 0.93046875 0.121875 0.1390625
0 0.39921875 0.9734375 0.0109375 0.021875
0 0.79453125 0.97265625 0.1515625 0.0546875
0 0.97109375 0.265625 0.0578125 0.13125
0 0.42265625 0.05 0.10625 0.0953125
0 0.47109375 0.1484375 0.075 0.0640625
0 0.66640625 0.23515625 0.040625 0.0390625
0 0.3046875 0.05 0.090625 0.05078125
0 0.3109375 0.0046875 0.009375 0.009375
0 0.3578125 0.0078125 0.0140625 0.015625
0 0.10625 0.06171875 0.209375 0.1234375
0 0.20625 0.14765625 0.0890625 0.0640625
0 0.24296875 0.01484375 0.0375 0.0296875
0 0.1265625 0.1890625 0.0328125 0.0453125
0 0.15859375 0.15234375 0.0125 0.01171875
0 0.49296875 0.9578125 0.025 0.02734375
0 0.05390625 0.440625 0.1078125 0.3890625
0 0.15078125 0.4625 0.0890625 0.2203125
0 0.2171875 0.6796875 0.215625 0.15
0 0.2609375 0.35 0.128125 0.15234375
0 0.27421875 0.246875 0.1078125 0.05625
0 0.30859375 0.20390625 0.06875 0.02734375
0 0.33515625 0.1359375 0.0375 0.0375
0 0.178125 0.3328125 0.0328125 0.03125
0 0.49453125 0.38359375 0.29375 0.290625
0 0.3421875 0.4703125 0.0125 0.0171875
0 0.31953125 0.47265625 0.009375 0.01171875
0 0.3515625 0.63125 0.009375 0.0078125
0 0.86328125 0.63203125 0.2734375 0.3046875
0 0.6828125 0.5453125 0.0875 0.140625
0 0.69609375 0.79375 0.0640625 0.19375
0 0.75703125 0.83125 0.0546875 0.0953125
0 0.94609375 0.8859375 0.1078125 0.2015625
0 0.334375 0.3765625 0.0125 0.0234375