0 0.003125 0.0171875 0.00625 0.034375
0 0.04921875 0.00390625 0.0296875 0.0078125
0 0.31640625 0.01953125 0.0328125 0.0390625
0 0.46484375 0.98203125 0.0265625 0.0359375
0 0.63125 0.9859375 0.0609375 0.02734375
0 0.8609375 0.9640625 0.1484375 0.071875
0 0.753125 0.98828125 0.025 0.0234375
0 0.77265625 0.96484375 0.01875 0.01953125
0 0.88359375 0.90625 0.0234375 0.03515625
0 0.98203125 0.825 0.0359375 0.06640625
0 0.67578125 0.04765625 0.23125 0.0953125
0 0.6046875 0.13203125 0.1015625 0.0765625
0 0.52734375 0.04375 0.053125 0.0875
0 0.53515625 0.12890625 0.0390625 0.0765625
0 0.09453125 0.19375 0.11875 0.2515625
0 0.16796875 0.28828125 0.0234375 0.04296875
0 0.43828125 0.10078125 0.053125 0.0703125
0 0.8640625 0.1015625 0.13125 0.1734375
0 0.77734375 0.165625 0.0390625 0.03125
0 0.85625 0.24921875 0.1046875 0.08203125
0 0.79609375 0.25 0.009375 0.01171875
0 0.93359375 0.25859375 0.025 0.03125
0 0.92421875 0.2109375 0.0125 0.009375
0 0.2859375 0.06640625 0.00625 0.009375
0 0.30859375 0.2078125 0.1375 0.18125
0 0.2328125 0.1765625 0.0171875 0.07421875
0 0.20625 0.18125 0.025 0.0453125
0 0.18125 0.16484375 0.009375 0.0140625
0 0.16328125 0.14453125 0.0125 0.0140625
0 0.3703125 0.3578125 0.0875 0.125
0 0.3953125 0.2703125 0.0328125 0.04296875
0 0.47421875 0.23828125 0.1140625 0.1171875
0 0.62109375 0.2546875 0.125 0.109375
0 0.6171875 0.1765625 0.028125 0.01171875
0 0.75 0.171875 0.0109375 0.01171875
0 0.340625 0.4875 0.19375 0.11328125
0 0.2078125 0.4453125 0.0453125 0.0453125
0 0.21015625 0.5984375 0.0703125 0.2265625
0 0.15546875 0.58125 0.0359375 0.071875
0 0.159375 0.68125 0.0265625 0.05078125
0 0.2390625 0.475 0.00625 0.015625
0 0.2546875 0.69140625 0.021875 0.10546875
0 0.23125 0.7296875 0.0203125 0.0296875
0 0.3296875 0.621875 0.084375 0.115625
0 0.34765625 0.79375 0.1390625 0.2265625
0 0.44609375 0.740625 0.053125 0.078125
0 0.46796875 0.671875 0.0375 0.040625
0 0.528125 0.734375 0.0875 0.12890625
0 0.575 0.61796875 0.0234375 0.0390625
0 0.49765625 0.475 0.11875 0.15
0 0.57109375 0.5359375 0.021875 0.01953125
0 0.94140625 0.4671875 0.1171875 0.265625
0 0.84921875 0.5328125 0.0703125 0.11328125
0 0.940625 0.67578125 0.10625 0.15
0 0.75625 0.5625 0.06875 0.06875
0 0.69296875 0.53515625 0.0171875 0.021875
0 0.6375 0.67890625 0.0625 0.1078125
0 0.78515625 0.65234375 0.096875 0.06640625
0 0.7203125 0.62890625 0.0359375 0.04296875
0 0.72734375 0.71171875 0.05 0.0484375
0 0.81875 0.725 0.071875 0.0703125
0 0.86328125 0.684375 0.0140625 0.01171875
0 0.79765625 0.7953125 0.046875 0.046875
0 0.740625 0.8375 0.0359375 0.0484375
0 0.64453125 0.5046875 0.0078125 0.0078125
0 0.6953125 0.62890625 0.009375 0.0171875
0 0.78984375 0.8703125 0.00625 0.01953125
0 0.81875 0.8546875 0.0171875 0.0390625
0 0.28828125 0.34296875 0.0125 0.015625
0 0.009375 0.059375 0.01875 0.021875
0 0.428125 0.99140625 0.009375 0.01171875