0 0.19140625 0.98203125 0.0765625 0.0359375
0 0.39609375 0.98125 0.0109375 0.01171875
0 0.021875 0.76875 0.04375 0.1734375
0 0.17578125 0.6859375 0.1453125 0.1484375
0 0.2859375 0.6734375 0.0671875 0.11328125
0 0.053125 0.4546875 0.10625 0.37890625
0 0.14375 0.4546875 0.075 0.25625
0 0.2484375 0.359375 0.134375 0.10546875
0 0.2015625 0.43125 0.040625 0.0375
0 0.25703125 0.2640625 0.1015625 0.078125
0 0.0109375 0.021875 0.021875 0.04296875
0 0.059375 0.09375 0.084375 0.0765625
0 0.0859375 0.0328125 0.06875 0.040625
0 0.13984375 0.07109375 0.075 0.03515625
0 0.16875 0.028125 0.075 0.05625
0 0.23515625 0.01640625 0.028125 0.0328125
0 0.29375 0.0546875 0.084375 0.05625
0 0.2359375 0.07421875 0.0140625 0.015625
0 0.65859375 0.240625 0.04375 0.0484375
0 0.96640625 0.265625 0.0671875 0.1328125
0 0.978125 0.0046875 0.04375 0.009375
0 0.3546875 0.0109375 0.0078125 0.01171875
0 0.41640625 0.0546875 0.103125 0.1015625
0 0.19921875 0.15 0.0984375 0.0625
0 0.1203125 0.19375 0.0296875 0.0375
0 0.3296875 0.13359375 0.0265625 0.05078125
0 0.30625 0.20703125 0.0578125 0.02734375
0 0.32109375 0.23828125 0.025 0.01953125
0 0.29765625 0.16015625 0.0109375 0.0078125
0 0.42890625 0.3734375 0.171875 0.18125
0 0.5046875 0.49921875 0.1453125 0.06875
0 0.55 0.4359375 0.071875 0.0640625
0 0.621875 0.42578125 0.0421875 0.0484375
0 0.575 0.3921875 0.01875 0.015625
0 0.340625 0.47734375 0.0125 0.0171875
0 0.3171875 0.4765625 0.0125 0.015625
0 0.46953125 0.1546875 0.071875 0.05859375
0 0.41640625 0.23359375 0.10625 0.1
0 0.34609375 0.6390625 0.009375 0.0140625
0 0.81484375 0.6796875 0.3703125 0.4203125
0 0.9515625 0.94453125 0.096875 0.1109375
0 0.753125 0.97734375 0.075 0.0453125
0 0.82578125 0.98203125 0.0734375 0.0359375
0 0.5921875 0.92890625 0.071875 0.1421875
0 0.64375 0.94296875 0.03125 0.1140625
0 0.66796875 0.940625 0.009375 0.025
0 0.71796875 0.9453125 0.0140625 0.0171875
0 0.48359375 0.96484375 0.0140625 0.025
0 0.4984375 0.9640625 0.009375 0.015625