0 0.2421875 0.94296875 0.165625 0.1140625
0 0.27265625 0.7609375 0.2875 0.225
0 0.19765625 0.56875 0.0734375 0.0625
0 0.06640625 0.52265625 0.034375 0.05625
0 0.0265625 0.5921875 0.0171875 0.015625
0 0.31328125 0.475 0.165625 0.115625
0 0.22421875 0.409375 0.015625 0.021875
0 0.3078125 0.034375 0.1265625 0.06875
0 0.26484375 0.15703125 0.1140625 0.1546875
0 0.47109375 0.128125 0.171875 0.16796875
0 0.55 0.01640625 0.046875 0.0328125
0 0.85859375 0.2078125 0.2109375 0.25390625
0 0.8234375 0.403125 0.0875 0.13671875
0 0.94453125 0.4296875 0.1109375 0.1953125
0 0.9828125 0.2484375 0.034375 0.165625
0 0.86015625 0.00859375 0.025 0.0171875
0 0.99609375 0.0375 0.0078125 0.0234375
0 0.6921875 0.0546875 0.0140625 0.0140625
0 0.41875 0.2875 0.075 0.140625
0 0.3671875 0.23359375 0.0296875 0.0703125
0 0.003125 0.7453125 0.00625 0.0328125
0 0.2765625 0.3234375 0.0453125 0.02734375
0 0.30625 0.2765625 0.04375 0.05625
0 0.1625 0.271875 0.0171875 0.021875
0 0.3359375 0.2421875 0.0203125 0.05625
0 0.31953125 0.24140625 0.0078125 0.0140625
0 0.35859375 0.096875 0.0203125 0.0171875
0 0.37421875 0.128125 0.0171875 0.03125
0 0.57265625 0.2515625 0.103125 0.0859375
0 0.58671875 0.1953125 0.0140625 0.025
0 0.69375 0.271875 0.0875 0.1015625
0 0.5984375 0.35234375 0.071875 0.109375
0 0.77890625 0.7359375 0.165625 0.27734375
0 0.85078125 0.5671875 0.046875 0.05078125
0 0.01875 0.4875 0.0125 0.0140625
0 0.0953125 0.33671875 0.009375 0.01171875
0 0.76796875 0.39921875 0.0109375 0.015625
0 0.175 0.253125 0.0125 0.0171875