0 0.81015625 0.67265625 0.3796875 0.396875
0 0.93984375 0.928125 0.1203125 0.1109375
0 0.77578125 0.97265625 0.1546875 0.0546875
0 0.6984375 0.88203125 0.0390625 0.0234375
0 0.70625 0.9375 0.015625 0.0140625
0 0.58203125 0.928125 0.0671875 0.1421875
0 0.640625 0.925 0.05 0.10546875
0 0.48125 0.95390625 0.028125 0.01953125
0 0.38671875 0.97578125 0.0125 0.01171875
0 0.184375 0.97734375 0.08125 0.0453125
0 0.96171875 0.259375 0.0765625 0.13671875
0 0.984375 0.00625 0.03125 0.01171875
0 0.9953125 0.13203125 0.009375 0.03515625
0 0.090625 0.40234375 0.18125 0.1953125
0 0.05 0.56953125 0.1 0.13671875
0 0.1296875 0.5375 0.0640625 0.0765625
0 0.1703125 0.678125 0.1234375 0.15
0 0.27109375 0.66875 0.071875 0.12109375
0 0.09921875 0.71796875 0.0171875 0.040625
0 0.02109375 0.76875 0.0421875 0.171875
0 0.4203125 0.08984375 0.1328125 0.1734375
0 0.05546875 0.065625 0.1109375 0.13125
0 0.14921875 0.0453125 0.084375 0.08984375
0 0.1859375 0.15234375 0.096875 0.0609375
0 0.11015625 0.19140625 0.0375 0.0453125
0 0.22578125 0.0140625 0.0375 0.02734375
0 0.28359375 0.0546875 0.078125 0.046875
0 0.20859375 0.35234375 0.053125 0.17578125
0 0.2609375 0.3125 0.05 0.19375
0 0.29140625 0.19921875 0.075 0.0296875
0 0.30546875 0.22734375 0.03125 0.0328125
0 0.3015625 0.3875 0.03125 0.0296875
0 0.2890625 0.31171875 0.0078125 0.015625
0 0.309375 0.1359375 0.03125 0.046875
0 0.41640625 0.3328125 0.1671875 0.26171875
0 0.3265625 0.4734375 0.0171875 0.0234375
0 0.50703125 0.49140625 0.140625 0.05859375
0 0.53828125 0.4359375 0.0734375 0.05859375
0 0.60546875 0.41796875 0.0390625 0.05078125
0 0.56328125 0.390625 0.0109375 0.015625
0 0.42734375 0.521875 0.0125 0.009375
0 0.30546875 0.4734375 0.0125 0.01171875
0 0.64765625 0.2375 0.046875 0.04296875
0 0.3390625 0.009375 0.0125 0.01875
0 0.0265625 0.275 0.053125 0.05625