0 0.04375 0.81328125 0.0875 0.10546875
0 0.03828125 0.64453125 0.059375 0.0796875
0 0.63671875 0.94921875 0.2 0.1015625
0 0.8078125 0.9890625 0.0421875 0.021875
0 0.51171875 0.95703125 0.009375 0.015625
0 0.196875 0.9078125 0.1921875 0.17578125
0 0.32109375 0.9859375 0.015625 0.01953125
0 0.2984375 0.57421875 0.18125 0.4296875
0 0.1703125 0.6265625 0.0765625 0.2875
0 0.4890625 0.6234375 0.2015625 0.18359375
0 0.403125 0.4125 0.0265625 0.015625
0 0.3734375 0.3390625 0.009375 0.0140625
0 0.34921875 0.3515625 0.0140625 0.01171875
0 0.59609375 0.38671875 0.146875 0.071875
0 0.70234375 0.7234375 0.2109375 0.296875
0 0.571875 0.8125 0.0484375 0.08984375
0 0.5140625 0.81953125 0.0703125 0.040625
0 0.4546875 0.809375 0.0125 0.0171875
0 0.67421875 0.50703125 0.096875 0.05625
0 0.66484375 0.546875 0.015625 0.015625
0 0.89453125 0.55546875 0.09375 0.1
0 0.7859375 0.93359375 0.0109375 0.0171875
0 0.91640625 0.4 0.071875 0.1390625
0 0.8890625 0.3203125 0.0140625 0.015625
0 0.98203125 0.19921875 0.0359375 0.05625
0 0.96171875 0.096875 0.0296875 0.0171875
0 0.72578125 0.440625 0.0484375 0.0390625
0 0.79921875 0.334375 0.0671875 0.0625
0 0.75078125 0.325 0.028125 0.025
0 0.7703125 0.259375 0.025 0.02734375
0 0.6203125 0.26484375 0.2171875 0.0703125
0 0.68828125 0.19140625 0.0578125 0.0390625
0 0.5734375 0.209375 0.10625 0.0453125
0 0.5046875 0.134375 0.090625 0.1
0 0.6078125 0.0984375 0.0984375 0.0609375
0 0.021875 0.23359375 0.04375 0.1234375
0 0.0515625 0.23515625 0.0171875 0.0234375
0 0.07265625 0.15703125 0.0640625 0.0953125
0 0.09609375 0.23515625 0.053125 0.040625
0 0.171875 0.2828125 0.0453125 0.0859375
0 0.296875 0.090625 0.103125 0.18125
0 0.35625 0.11640625 0.0140625 0.015625
0 0.4265625 0.0953125 0.0609375 0.0453125
0 0.4640625 0.0765625 0.009375 0.0140625
0 0.42421875 0.1953125 0.0265625 0.021875
0 0.44609375 0.24921875 0.0125 0.01171875
0 0.446875 0.14140625 0.0140625 0.01953125
0 0.36953125 0.14765625 0.0171875 0.01953125
0 0.2015625 0.1609375 0.090625 0.1421875
0 0.178125 0.03984375 0.0234375 0.0171875
0 0.2125 0.053125 0.01875 0.03125
0 0.13984375 0.059375 0.021875 0.025
0 0.1984375 0.34765625 0.0078125 0.009375
0 0.25078125 0.24140625 0.0140625 0.0140625
0 0.36953125 0.20234375 0.040625 0.021875
0 0.35703125 0.2375 0.0203125 0.015625
0 0.27109375 0.27421875 0.0140625 0.01171875
0 0.834375 0.09296875 0.0296875 0.03515625
0 0.8578125 0.27734375 0.0203125 0.015625
0 0.72265625 0.31875 0.0140625 0.01171875
0 0.003125 0.0109375 0.00625 0.0171875