0 0.790625 0.95 0.25 0.1
0 0.9 0.734375 0.2 0.29296875
0 0.77109375 0.8 0.0671875 0.11875
0 0.69765625 0.80078125 0.0765625 0.06640625
0 0.3921875 0.84453125 0.234375 0.2046875
0 0.86015625 0.24609375 0.221875 0.125
0 0.84609375 0.3796875 0.1109375 0.07421875
0 0.95390625 0.45234375 0.0515625 0.0375
0 0.89609375 0.51640625 0.1015625 0.084375
0 0.5578125 0.51640625 0.4640625 0.415625
0 0.64296875 0.11328125 0.4609375 0.14453125
0 0.4109375 0.22578125 0.040625 0.0921875
0 0.21796875 0.14921875 0.2953125 0.1875
0 0.08359375 0.26875 0.0453125 0.053125
0 0.01875 0.2734375 0.0375 0.05859375
0 0.184375 0.3671875 0.0625 0.14453125
0 0.24296875 0.5515625 0.0640625 0.05625
0 0.1734375 0.56953125 0.0484375 0.0546875
0 0.1921875 0.7125 0.159375 0.11328125
0 0.05625 0.953125 0.1125 0.09375
0 0.05 0.653125 0.1 0.3109375
0 0.0421875 0.159375 0.01875 0.021875
0 0.0046875 0.15703125 0.009375 0.021875
0 0.015625 0.084375 0.03125 0.02734375
0 0.04140625 0.05625 0.0265625 0.0390625
0 0.01015625 0.015625 0.0203125 0.02734375
0 0.12734375 0.028125 0.0390625 0.0328125
0 0.57265625 0.015625 0.0296875 0.03125
0 0.525 0.0171875 0.0375 0.034375
0 0.39609375 0.01171875 0.0265625 0.0234375
0 0.4640625 0.0109375 0.01875 0.021875
0 0.10546875 0.4578125 0.0265625 0.0484375
0 0.965625 0.9578125 0.0203125 0.021875
0 0.9765625 0.3421875 0.046875 0.03515625