0 0.04375 0.8140625 0.0875 0.1109375
0 0.03671875 0.6390625 0.05625 0.078125
0 0.6359375 0.9484375 0.2234375 0.103125
0 0.8078125 0.98515625 0.05 0.0296875
0 0.19453125 0.90703125 0.1859375 0.1859375
0 0.3234375 0.9703125 0.0390625 0.0453125
0 0.275 0.565625 0.2875 0.4453125
0 0.50703125 0.61328125 0.1734375 0.19921875
0 0.6796875 0.50625 0.1109375 0.0765625
0 0.70390625 0.70390625 0.196875 0.3265625
0 0.578125 0.803125 0.059375 0.12109375
0 0.51015625 0.81875 0.075 0.0390625
0 0.89921875 0.5515625 0.096875 0.1078125
0 0.91640625 0.39140625 0.071875 0.15
0 0.984375 0.20234375 0.03125 0.0328125
0 0.9671875 0.09296875 0.04375 0.03125
0 0.628125 0.3828125 0.0796875 0.08203125
0 0.740625 0.434375 0.046875 0.05625
0 0.8 0.3375 0.0625 0.06875
0 0.7546875 0.3265625 0.0234375 0.025
0 0.65859375 0.2375 0.134375 0.12890625
0 0.7734375 0.26484375 0.025 0.03515625
0 0.5515625 0.24296875 0.0796875 0.09375
0 0.021875 0.23046875 0.04375 0.12890625
0 0.07578125 0.15234375 0.0640625 0.0921875
0 0.090625 0.23515625 0.09375 0.046875
0 0.17578125 0.29375 0.0453125 0.0546875
0 0.3015625 0.09375 0.11875 0.1875
0 0.3703125 0.1453125 0.0203125 0.0296875
0 0.371875 0.1984375 0.040625 0.0234375
0 0.4265625 0.1921875 0.0265625 0.0234375
0 0.5140625 0.1375 0.0875 0.1109375
0 0.6 0.096875 0.0828125 0.05625
0 0.45078125 0.090625 0.040625 0.05078125
0 0.45390625 0.1421875 0.0265625 0.021875
0 0.4125 0.1 0.03125 0.02734375
0 0.178125 0.0390625 0.028125 0.025
0 0.14140625 0.05859375 0.021875 0.01953125
0 0.21171875 0.05 0.021875 0.02734375
0 0.20625 0.1421875 0.0671875 0.1328125
0 0.16640625 0.2375 0.034375 0.0546875
0 0.325 0.3203125 0.0171875 0.0328125
0 0.5421875 0.3765625 0.04375 0.0375
0 0.275 0.27421875 0.0140625 0.0171875
0 0.25234375 0.23828125 0.01875 0.01171875
0 0.51171875 0.95703125 0.0078125 0.0171875
0 0.7265625 0.31875 0.009375 0.01171875
0 0.86015625 0.28125 0.0171875 0.0171875
0 0.84453125 0.1015625 0.0125 0.015625
0 0.8421875 0.1265625 0.0140625 0.015625
0 0.0046875 0.00859375 0.009375 0.0140625