0 0.04375 0.690625 0.0875 0.3265625
0 0.028125 0.9796875 0.05625 0.040625
0 0.09140625 0.98828125 0.025 0.015625
0 0.1609375 0.75625 0.096875 0.10546875
0 0.24296875 0.75078125 0.0609375 0.08984375
0 0.79140625 0.971875 0.1984375 0.05625
0 0.36875 0.8796875 0.178125 0.1875
0 0.48125 0.95625 0.04375 0.0390625
0 0.275 0.84375 0.009375 0.01171875
0 0.0171875 0.2984375 0.034375 0.046875
0 0.2359375 0.5921875 0.0546875 0.06640625
0 0.16875 0.61328125 0.034375 0.03125
0 0.8765625 0.7671875 0.2125 0.31875
0 0.74609375 0.85234375 0.053125 0.071875
0 0.6828125 0.8390625 0.071875 0.0484375
0 0.54375 0.5625 0.446875 0.40234375
0 0.77734375 0.4 0.01875 0.040625
0 0.8390625 0.4234375 0.078125 0.08203125
0 0.8796875 0.55078125 0.096875 0.0640625
0 0.86953125 0.58984375 0.015625 0.01171875
0 0.98125 0.38984375 0.0375 0.0484375
0 0.9390625 0.496875 0.0546875 0.03125
0 0.84296875 0.28046875 0.2109375 0.12890625
0 0.16875 0.44375 0.040625 0.078125
0 0.15234375 0.50625 0.01875 0.0171875
0 0.10078125 0.49375 0.0171875 0.0453125
0 0.5390625 0.1328125 0.1203125 0.0859375
0 0.66953125 0.1109375 0.0828125 0.040625
0 0.18125 0.359375 0.065625 0.06640625
0 0.08515625 0.36875 0.0140625 0.0171875
0 0.08984375 0.278125 0.075 0.07421875
0 0.74921875 0.15703125 0.08125 0.109375
0 0.80546875 0.14453125 0.0203125 0.021875
0 0.84609375 0.1328125 0.0265625 0.03125
0 0.66015625 0.20234375 0.021875 0.025
0 0.5984375 0.203125 0.0234375 0.015625
0 0.5953125 0.340625 0.0125 0.01953125
0 0.54921875 0.35234375 0.015625 0.0140625
0 0.56953125 0.35078125 0.015625 0.0171875
0 0.54609375 0.0328125 0.0546875 0.065625
0 0.57890625 0.06328125 0.015625 0.02734375
0 0.45 0.0921875 0.0484375 0.046875
0 0.42421875 0.01875 0.025 0.01953125
0 0.4578125 0.0359375 0.0203125 0.021875
0 0.38671875 0.0296875 0.0234375 0.0140625
0 0.39921875 0.25859375 0.0375 0.0875
0 0.5 0.2625 0.015625 0.015625
0 0.0890625 0.19375 0.065625 0.1
0 0.03984375 0.18125 0.0171875 0.0171875
0 0.0203125 0.1734375 0.0140625 0.015625
0 0.1578125 0.13359375 0.0765625 0.0859375
0 0.07890625 0.1265625 0.021875 0.0171875
0 0.12421875 0.053125 0.0296875 0.0234375
0 0.0359375 0.00625 0.021875 0.01171875
0 0.003125 0.03203125 0.00625 0.025
0 0.0375 0.07421875 0.0375 0.03125
0 0.01484375 0.10625 0.0265625 0.01953125
0 0.17265625 0.23828125 0.0640625 0.078125
0 0.24296875 0.21015625 0.075 0.08203125
0 0.2859375 0.1890625 0.0171875 0.0171875
0 0.33515625 0.19609375 0.0625 0.040625
0 0.25390625 0.14375 0.0234375 0.03125
0 0.31328125 0.11796875 0.0578125 0.1015625
0 0.44453125 0.13203125 0.028125 0.03515625
0 0.409375 0.18671875 0.0296875 0.021875
0 0.4140625 0.15703125 0.015625 0.04296875
0 0.40546875 0.109375 0.0140625 0.0171875
0 0.99296875 0.31875 0.0140625 0.0296875
0 0.6765625 0.259375 0.015625 0.0171875
0 0.940625 0.9921875 0.0125 0.015625
0 0.94609375 0.3640625 0.015625 0.0140625
0 0.46484375 0.19140625 0.0140625 0.01953125
0 0.66875 0.9734375 0.009375 0.01171875