0 0.03125 0.98125 0.0625 0.0375
0 0.19140625 0.7578125 0.165625 0.109375
0 0.04453125 0.6921875 0.0890625 0.32421875
0 0.23515625 0.59296875 0.0609375 0.0703125
0 0.16875 0.61640625 0.03125 0.046875
0 0.36875 0.8828125 0.18125 0.2015625
0 0.4890625 0.959375 0.0296875 0.046875
0 0.79375 0.96953125 0.196875 0.0609375
0 0.66875 0.97578125 0.0140625 0.01171875
0 0.54453125 0.55859375 0.44375 0.40625
0 0.7109375 0.8484375 0.13125 0.078125
0 0.8875 0.75625 0.225 0.3109375
0 0.88203125 0.56171875 0.0953125 0.0765625
0 0.95 0.4984375 0.0359375 0.0328125
0 0.7765625 0.39921875 0.0171875 0.02734375
0 0.84296875 0.425 0.075 0.08203125
0 0.17109375 0.4453125 0.046875 0.0875
0 0.15 0.50390625 0.0140625 0.015625
0 0.1046875 0.51171875 0.0125 0.01171875
0 0.18203125 0.3578125 0.0578125 0.06875
0 0.0171875 0.296875 0.034375 0.05078125
0 0.09453125 0.9921875 0.025 0.015625
0 0.8484375 0.27734375 0.2171875 0.115625
0 0.99140625 0.31640625 0.0171875 0.03125
0 0.0875 0.3671875 0.01875 0.0171875
0 0.39765625 0.25390625 0.040625 0.1
0 0.09296875 0.2265625 0.0671875 0.1796875
0 0.03828125 0.1796875 0.0171875 0.0171875
0 0.08203125 0.125 0.0234375 0.0234375
0 0.16171875 0.146875 0.06875 0.0609375
0 0.16015625 0.240625 0.04375 0.08203125
0 0.25078125 0.1890625 0.05625 0.134375
0 0.28671875 0.1921875 0.0171875 0.025
0 0.309375 0.13671875 0.040625 0.05625
0 0.33359375 0.20234375 0.0671875 0.040625
0 0.13828125 0.10078125 0.0171875 0.01953125
0 0.121875 0.05078125 0.028125 0.0234375
0 0.0359375 0.00625 0.0203125 0.01171875
0 0.03125 0.07421875 0.021875 0.0296875
0 0.00859375 0.1109375 0.0171875 0.0171875
0 0.0046875 0.03125 0.009375 0.02734375
0 0.3140625 0.0859375 0.034375 0.0234375
0 0.38671875 0.028125 0.0234375 0.02734375
0 0.42890625 0.01640625 0.021875 0.021875
0 0.55 0.03046875 0.06875 0.0609375
0 0.45546875 0.03046875 0.0109375 0.0171875
0 0.534375 0.1359375 0.1125 0.1
0 0.4484375 0.08984375 0.05625 0.040625
0 0.440625 0.13125 0.0296875 0.03125
0 0.66953125 0.10546875 0.084375 0.040625
0 0.74765625 0.15703125 0.078125 0.1171875
0 0.803125 0.1453125 0.025 0.01953125
0 0.846875 0.128125 0.03125 0.02734375
0 0.28984375 0.0265625 0.0140625 0.01171875
0 0.49921875 0.26484375 0.0140625 0.0171875
0 0.66015625 0.203125 0.025 0.021875
0 0.9796875 0.3859375 0.0390625 0.04296875
0 0.5953125 0.3421875 0.0125 0.0171875
0 0.6765625 0.259375 0.0140625 0.01171875
0 0.91796875 0.4984375 0.0125 0.0171875
0 0.9484375 0.36875 0.0140625 0.0171875
0 0.19140625 0.25390625 0.01875 0.0375
0 0.21015625 0.20625 0.009375 0.0140625
0 0.628125 0.81640625 0.0140625 0.02734375
0 0.4140625 0.1875 0.0234375 0.0234375
0 0.4078125 0.10625 0.0078125 0.01171875
0 0.4140625 0.15546875 0.0140625 0.0296875
0 0.5984375 0.20625 0.0296875 0.021875
0 0.60625 0.14921875 0.021875 0.0140625
0 0.59765625 0.11640625 0.0109375 0.01171875