0 0.0109375 0.940625 0.021875 0.0703125
0 0.928125 0.63125 0.14375 0.15625
0 0.9015625 0.72578125 0.04375 0.0328125
0 0.98984375 0.52734375 0.0203125 0.02734375
0 0.95234375 0.921875 0.0953125 0.15625
0 0.84453125 0.9734375 0.115625 0.053125
0 0.6953125 0.89375 0.1390625 0.19375
0 0.7296875 0.75625 0.053125 0.0625
0 0.29296875 0.89765625 0.275 0.2046875
0 0.5109375 0.89453125 0.159375 0.15234375
0 0.5328125 0.70625 0.309375 0.1546875
0 0.303125 0.7734375 0.0671875 0.040625
0 0.2234375 0.77265625 0.059375 0.05078125