0 0.63828125 0.953125 0.196875 0.09375
0 0.71328125 0.8921875 0.0125 0.015625
0 0.8078125 0.9890625 0.040625 0.021875
0 0.04375 0.8171875 0.0875 0.1109375
0 0.03828125 0.64375 0.0609375 0.0765625
0 0.2 0.91171875 0.19375 0.1765625
0 0.02265625 0.23359375 0.0453125 0.14453125
0 0.07265625 0.1546875 0.0609375 0.103125
0 0.090625 0.2359375 0.0890625 0.05078125
0 0.89296875 0.54765625 0.0921875 0.0796875
0 0.915625 0.40546875 0.075 0.1390625
0 0.984375 0.19609375 0.03125 0.040625
0 0.9671875 0.096875 0.0359375 0.021875
0 0.79765625 0.33515625 0.0578125 0.06875
0 0.73671875 0.43671875 0.0390625 0.046875
0 0.70546875 0.7203125 0.2078125 0.29296875
0 0.5671875 0.81953125 0.0703125 0.0859375
0 0.59609375 0.7640625 0.0109375 0.025
0 0.50234375 0.81953125 0.059375 0.03515625
0 0.45546875 0.8125 0.0140625 0.0140625
0 0.5140625 0.9578125 0.0125 0.015625
0 0.2953125 0.584375 0.190625 0.428125
0 0.1671875 0.6375 0.065625 0.259375
0 0.4875 0.615625 0.1921875 0.1875
0 0.17109375 0.28203125 0.04375 0.0953125
0 0.6234375 0.384375 0.090625 0.07421875
0 0.54765625 0.375 0.04375 0.03125
0 0.6765625 0.509375 0.103125 0.0859375
0 0.75078125 0.32890625 0.028125 0.0234375
0 0.30390625 0.0375 0.08125 0.0703125
0 0.20078125 0.1546875 0.0921875 0.14453125
0 0.30390625 0.1359375 0.1046875 0.103125
0 0.4265625 0.096875 0.071875 0.046875
0 0.51015625 0.134375 0.078125 0.10546875
0 0.56796875 0.11640625 0.0171875 0.021875
0 0.6234375 0.090625 0.0640625 0.0609375
0 0.61953125 0.246875 0.215625 0.109375
0 0.678125 0.1828125 0.0328125 0.015625
0 0.771875 0.26171875 0.028125 0.0296875
0 0.8421875 0.10078125 0.0125 0.015625
0 0.36796875 0.15 0.0203125 0.021875
0 0.428125 0.19609375 0.028125 0.01953125
0 0.14296875 0.059375 0.0203125 0.021875
0 0.17421875 0.04296875 0.021875 0.021875
0 0.21328125 0.05390625 0.015625 0.025
0 0.0046875 0.0125 0.009375 0.0171875
0 0.271875 0.2765625 0.0140625 0.0140625
0 0.37109375 0.20703125 0.0390625 0.021875
0 0.3484375 0.3546875 0.015625 0.015625
0 0.328125 0.36328125 0.009375 0.01171875
0 0.3734375 0.3421875 0.015625 0.015625
0 0.25234375 0.2421875 0.015625 0.015625
0 0.8640625 0.28046875 0.015625 0.015625
0 0.7859375 0.93359375 0.0125 0.01171875
0 0.9125 0.6046875 0.009375 0.01171875
0 0.446875 0.2484375 0.0109375 0.009375