0 0.0515625 0.0234375 0.053125 0.046875
0 0.21171875 0.04765625 0.071875 0.0796875
0 0.69375 0.0453125 0.13125 0.08984375
0 0.78515625 0.0234375 0.034375 0.046875
0 0.3703125 0.03828125 0.15 0.0765625
0 0.45234375 0.13671875 0.1546875 0.125
0 0.2765625 0.1828125 0.11875 0.1390625
0 0.175 0.11640625 0.021875 0.021875
0 0.034375 0.08515625 0.04375 0.025
0 0.0875 0.2390625 0.1234375 0.2109375
0 0.0078125 0.2234375 0.015625 0.0375
0 0.00859375 0.259375 0.009375 0.021875
0 0.18046875 0.30390625 0.065625 0.1546875
0 0.22734375 0.31875 0.0296875 0.12890625
0 0.20625 0.40625 0.06875 0.05078125
0 0.86796875 0.2578125 0.2640625 0.3265625
0 0.9171875 0.4890625 0.096875 0.1390625
0 0.99140625 0.609375 0.0171875 0.05625
0 0.684375 0.4171875 0.0828125 0.0953125
0 0.72109375 0.5078125 0.1765625 0.084375
0 0.68828125 0.58984375 0.053125 0.06640625
0 0.78671875 0.5828125 0.0875 0.0703125
0 0.8234375 0.52421875 0.0265625 0.0453125
0 0.603125 0.4140625 0.01875 0.021875
0 0.3609375 0.4328125 0.146875 0.18125
0 0.4640625 0.465625 0.021875 0.01953125
0 0.5609375 0.5703125 0.040625 0.0703125
0 0.5890625 0.628125 0.0578125 0.053125
0 0.60625 0.58671875 0.021875 0.025
0 0.19609375 0.5140625 0.18125 0.1546875
0 0.04140625 0.521875 0.0515625 0.05625
0 0.08515625 0.5453125 0.0109375 0.02734375
0 0.065625 0.7078125 0.0796875 0.27734375
0 0.0125 0.696875 0.025 0.0859375
0 0.1359375 0.78046875 0.06875 0.1390625
0 0.22265625 0.6671875 0.0953125 0.1484375
0 0.28515625 0.8625 0.1890625 0.2359375
0 0.3953125 0.76171875 0.0359375 0.084375
0 0.34765625 0.728125 0.053125 0.0328125
0 0.47734375 0.709375 0.1171875 0.15
0 0.3921875 0.66015625 0.034375 0.0546875
0 0.496875 0.56171875 0.0265625 0.0375
0 0.74296875 0.72734375 0.05625 0.06875
0 0.78984375 0.6515625 0.065625 0.0640625
0 0.83515625 0.7109375 0.021875 0.05078125
0 0.80859375 0.75625 0.034375 0.06640625
0 0.9125 0.8421875 0.146875 0.0875
0 0.93125 0.76171875 0.1015625 0.071875
0 0.80234375 0.8765625 0.0328125 0.05625
0 0.9328125 0.93046875 0.0609375 0.0796875
0 0.98125 0.96953125 0.0375 0.0609375
0 0.86875 0.9578125 0.0640625 0.084375
0 0.65703125 0.96484375 0.1265625 0.0703125
0 0.76484375 0.9671875 0.0265625 0.02734375
0 0.7328125 0.9515625 0.009375 0.01953125
0 0.8078125 0.96953125 0.009375 0.0140625
0 0.8859375 0.9015625 0.009375 0.0171875
0 0.10234375 0.3765625 0.0109375 0.01171875
0 0.5421875 0.4046875 0.0140625 0.015625
0 0.921875 0.63984375 0.0109375 0.0171875
0 0.57421875 0.5140625 0.0125 0.01171875
0 0.5671875 0.00625 0.015625 0.01171875