0 0.190625 0.9796875 0.08125 0.040625
0 0.02421875 0.77421875 0.0484375 0.1796875
0 0.05546875 0.446875 0.109375 0.390625
0 0.171875 0.69375 0.1390625 0.14453125
0 0.28359375 0.678125 0.0796875 0.10546875
0 0.15234375 0.44921875 0.084375 0.25625
0 0.96640625 0.2640625 0.0671875 0.140625
0 0.984375 0.00703125 0.03125 0.0140625
0 0.815625 0.5609375 0.36875 0.171875
0 0.946875 0.81875 0.10625 0.34765625
0 0.746875 0.765625 0.2015625 0.2359375
0 0.8703125 0.7375 0.046875 0.08984375
0 0.7859375 0.971875 0.1578125 0.05625
0 0.60390625 0.92890625 0.0984375 0.140625
0 0.665625 0.9328125 0.0125 0.021875
0 0.71484375 0.9375 0.015625 0.01171875
0 0.490625 0.9578125 0.0265625 0.0171875
0 0.3953125 0.9796875 0.0125 0.015625
0 0.6546875 0.240625 0.0484375 0.04296875
0 0.41484375 0.05078125 0.1078125 0.1015625
0 0.4640625 0.15234375 0.0828125 0.0609375
0 0.04375 0.06640625 0.0875 0.1328125
0 0.1109375 0.0640625 0.0453125 0.07421875
0 0.16875 0.04296875 0.071875 0.0859375
0 0.10625 0.00859375 0.0171875 0.0171875
0 0.23671875 0.015625 0.028125 0.03125
0 0.290625 0.05625 0.0796875 0.0484375
0 0.30234375 0.0078125 0.0125 0.015625
0 0.346875 0.00859375 0.01875 0.0140625
0 0.2046875 0.1421875 0.084375 0.05078125
0 0.15234375 0.159375 0.0125 0.015625
0 0.178125 0.17890625 0.0125 0.015625
0 0.11953125 0.19453125 0.03125 0.0453125
0 0.25625 0.3390625 0.11875 0.171875
0 0.29375 0.2203125 0.090625 0.0546875
0 0.32734375 0.13125 0.0375 0.0546875
0 0.4265625 0.325 0.1625 0.28125
0 0.33671875 0.471875 0.01875 0.02734375
0 0.3125 0.47578125 0.0125 0.0171875
0 0.3234375 0.3875 0.0125 0.0140625
0 0.5125 0.50078125 0.1546875 0.0640625
0 0.546875 0.4359375 0.078125 0.0625
0 0.5734375 0.39375 0.0171875 0.01953125
0 0.615625 0.42109375 0.0484375 0.05625
0 0.17890625 0.60625 0.009375 0.01171875