0 0.0296875 0.8671875 0.059375 0.09765625
0 0.01875 0.6953125 0.0375 0.084375
0 0.16796875 0.9390625 0.1453125 0.12109375
0 0.25703125 0.9359375 0.025 0.06640625
0 0.7015625 0.98828125 0.0546875 0.0234375
0 0.7140625 0.96484375 0.0125 0.0171875
0 0.96328125 0.10625 0.034375 0.0171875
0 0.98515625 0.209375 0.0296875 0.0375
0 0.9203125 0.4 0.078125 0.07421875
0 0.925 0.475 0.06875 0.0484375
0 0.9015625 0.58984375 0.096875 0.084375
0 0.9203125 0.64453125 0.01875 0.0171875
0 0.240625 0.615625 0.265625 0.4203125
0 0.2125 0.85234375 0.0453125 0.0484375
0 0.18203125 0.8625 0.0140625 0.0171875
0 0.4734375 0.65546875 0.2046875 0.1734375
0 0.5015625 0.7578125 0.096875 0.025
0 0.6859375 0.76484375 0.2234375 0.3375
0 0.559375 0.8828125 0.0359375 0.0875
0 0.49140625 0.8828125 0.059375 0.0328125
0 0.53359375 0.89375 0.0125 0.01953125
0 0.43984375 0.871875 0.028125 0.0234375
0 0.6171875 0.98515625 0.015625 0.0171875
0 0.64140625 0.9921875 0.0203125 0.015625
0 0.57421875 0.99375 0.028125 0.01171875
0 0.73359375 0.4671875 0.0328125 0.05625
0 0.80234375 0.3625 0.0609375 0.0765625
0 0.8421875 0.10859375 0.0140625 0.015625
0 0.84453125 0.134375 0.0125 0.015625
0 0.01015625 0.296875 0.0203125 0.0375
0 0.146875 0.325 0.0390625 0.05625
0 0.32890625 0.38203125 0.0125 0.015625
0 0.61875 0.415625 0.1 0.0765625
0 0.67421875 0.5421875 0.096875 0.0765625
0 0.53828125 0.4046875 0.0453125 0.03515625
0 0.3546875 0.365625 0.0109375 0.015625
0 0.61171875 0.2578125 0.225 0.08984375
0 0.74921875 0.3484375 0.034375 0.0234375
0 0.765625 0.28125 0.025 0.03125
0 0.8578125 0.2984375 0.0203125 0.0171875
0 0.89453125 0.34296875 0.015625 0.01953125
0 0.6359375 0.3171875 0.0328125 0.0171875
0 0.3875 0.44921875 0.025 0.01171875
0 0.615625 0.1015625 0.0765625 0.0609375
0 0.66796875 0.1984375 0.0203125 0.021875
0 0.61015625 0.20625 0.0109375 0.009375
0 0.4984375 0.15 0.0875 0.1234375
0 0.5609375 0.13125 0.0375 0.0171875
0 0.4328125 0.10859375 0.0296875 0.0453125
0 0.396875 0.11640625 0.0265625 0.0328125
0 0.2875 0.10625 0.103125 0.209375
0 0.38125 0.21875 0.103125 0.03125
0 0.35078125 0.16015625 0.025 0.0234375
0 0.34296875 0.12890625 0.00625 0.01171875
0 0.36015625 0.10546875 0.0078125 0.01171875
0 0.71953125 0.34296875 0.0140625 0.015625
0 0.70546875 0.4828125 0.0078125 0.009375
0 0.8265625 0.30625 0.009375 0.009375
0 0.4328125 0.271875 0.009375 0.01171875
0 0.340625 0.2578125 0.021875 0.0171875
0 0.1609375 0.05 0.0265625 0.02734375
0 0.18828125 0.0625 0.021875 0.02734375
0 0.20234375 0.140625 0.071875 0.1
0 0.15 0.1515625 0.028125 0.0296875
0 0.11640625 0.06953125 0.025 0.021875
0 0.07734375 0.00390625 0.021875 0.0078125
0 0.05 0.171875 0.059375 0.0953125
0 0.06875 0.25703125 0.053125 0.0390625
0 0.0265625 0.25703125 0.01875 0.0171875
0 0.0046875 0.2375 0.009375 0.0171875
0 0.00625 0.2640625 0.0125 0.01953125
0 0.13203125 0.27734375 0.0140625 0.0171875
0 0.15078125 0.23828125 0.0171875 0.03125
0 0.2484375 0.3015625 0.00625 0.015625
0 0.2078125 0.19609375 0.0109375 0.01171875
0 0.20703125 0.2328125 0.009375 0.015625
0 0.17421875 0.3765625 0.0078125 0.009375
0 0.22734375 0.26484375 0.015625 0.015625