0 0.03203125 0.18046875 0.0359375 0.0453125
0 0.0171875 0.296875 0.034375 0.05625
0 0.090625 0.15703125 0.0453125 0.0921875
0 0.04453125 0.64140625 0.0828125 0.2359375
0 0.0265625 0.8125 0.046875 0.08203125
0 0.26953125 0.7109375 0.0015625 0.015625
0 0.1890625 0.75390625 0.1625 0.109375
0 0.2078125 0.59453125 0.109375 0.0765625
0 0.38984375 0.8828125 0.2234375 0.203125
0 0.53359375 0.12890625 0.1203125 0.08203125
0 0.09921875 0.2796875 0.0859375 0.05859375
0 0.2828125 0.21171875 0.175 0.06875
0 0.16484375 0.13125 0.090625 0.0796875
0 0.32265625 0.1265625 0.0953125 0.078125
0 0.43671875 0.02421875 0.05 0.0390625
0 0.8796875 0.75 0.20625 0.30078125
0 0.78671875 0.96875 0.2078125 0.0546875
0 0.44765625 0.090625 0.0546875 0.040625
0 0.40234375 0.228125 0.0359375 0.140625
0 0.4359375 0.1328125 0.046875 0.02734375
0 0.1765625 0.4 0.053125 0.15625
0 0.0265625 0.971875 0.04375 0.05625
0 0.53046875 0.40625 0.2015625 0.1015625
0 0.41015625 0.49609375 0.0703125 0.07421875
0 0.371875 0.65625 0.09375 0.20703125
0 0.49609375 0.6015625 0.1578125 0.27734375
0 0.678125 0.64140625 0.196875 0.1734375
0 0.696875 0.84375 0.159375 0.109375
0 0.74921875 0.1515625 0.2328125 0.11875
0 0.8578125 0.2734375 0.225 0.109375
0 0.81171875 0.41796875 0.1390625 0.078125
0 0.90859375 0.53515625 0.1078125 0.12109375
0 0.00546875 0.03203125 0.0109375 0.021875
0 0.12578125 0.0515625 0.0453125 0.021875
0 0.0953125 0.2234375 0.065625 0.0328125
0 0.1671875 0.24375 0.046875 0.07421875
0 0.09921875 0.484375 0.0140625 0.0390625
0 0.1453125 0.5015625 0.025 0.015625
0 0.08671875 0.36796875 0.0109375 0.0140625
0 0.04140625 0.00625 0.0265625 0.01171875
0 0.02890625 0.090625 0.0421875 0.071875
0 0.5859375 0.23359375 0.028125 0.021875
0 0.6 0.3390625 0.01875 0.021875
0 0.49765625 0.259375 0.0203125 0.0234375
0 0.97421875 0.3796875 0.0296875 0.021875
0 0.98984375 0.31875 0.0171875 0.0390625
0 0.68046875 0.259375 0.0140625 0.01953125
0 0.60390625 0.20390625 0.0296875 0.0171875
0 0.553125 0.04609375 0.128125 0.0921875
0 0.09609375 0.98984375 0.0359375 0.0203125
0 0.671875 0.96953125 0.015625 0.0171875
0 0.61171875 0.14921875 0.0109375 0.0140625
0 0.99453125 0.3953125 0.0109375 0.04296875
0 0.31171875 0.0703125 0.046875 0.03515625
0 0.29140625 0.02421875 0.0265625 0.0171875
0 0.8453125 0.5328125 0.025 0.0234375
0 0.2484375 0.1328125 0.034375 0.0171875
0 0.2546875 0.17109375 0.03125 0.01171875
0 0.3859375 0.0296875 0.0265625 0.025
0 0.95 0.365625 0.0140625 0.015625
0 0.434375 0.7578125 0.0125 0.0140625