0 0.36640625 0.84375 0.1890625 0.1953125
0 0.0515625 0.9546875 0.103125 0.08984375
0 0.79609375 0.9484375 0.2171875 0.103125
0 0.95625 0.95234375 0.0140625 0.015625
0 0.675 0.9328125 0.0109375 0.009375
0 0.0421875 0.6546875 0.084375 0.3140625
0 0.18125 0.71171875 0.1703125 0.10546875
0 0.5453125 0.52421875 0.4515625 0.396875
0 0.88984375 0.51171875 0.0984375 0.0796875
0 0.8953125 0.71015625 0.1921875 0.31875
0 0.78828125 0.74609375 0.0171875 0.021875
0 0.7546875 0.80859375 0.090625 0.0953125
0 0.68046875 0.7921875 0.05625 0.0484375
0 0.16171875 0.575 0.0359375 0.03515625
0 0.23125 0.55390625 0.0640625 0.071875
0 0.7796875 0.36015625 0.021875 0.02734375
0 0.85 0.38203125 0.084375 0.0765625
0 0.9578125 0.4484375 0.040625 0.03515625
0 0.85234375 0.23828125 0.21875 0.12109375
0 0.9828125 0.3453125 0.034375 0.040625
0 0.9546875 0.3296875 0.0171875 0.015625
0 0.73203125 0.1203125 0.1703125 0.115625
0 0.85078125 0.103125 0.028125 0.03515625
0 0.5359375 0.103125 0.115625 0.0765625
0 0.60625 0.1171875 0.021875 0.021875
0 0.63359375 0.1234375 0.0140625 0.01171875
0 0.6796875 0.22578125 0.015625 0.0171875
0 0.565625 0.0140625 0.0296875 0.02734375
0 0.5265625 0.015625 0.021875 0.03125
0 0.45234375 0.0640625 0.0453125 0.040625
0 0.0890625 0.128125 0.0484375 0.07421875
0 0.0859375 0.19453125 0.053125 0.02734375
0 0.08828125 0.25 0.0671875 0.06640625
0 0.16484375 0.40625 0.046875 0.078125
0 0.14453125 0.46796875 0.0140625 0.015625
0 0.1 0.4671875 0.01875 0.021875
0 0.1796875 0.3234375 0.0578125 0.0546875
0 0.01328125 0.26953125 0.025 0.05078125
0 0.0828125 0.3359375 0.0125 0.0171875
0 0.00390625 0.015625 0.0078125 0.021875
0 0.0234375 0.046875 0.0171875 0.015625
0 0.0125 0.08671875 0.021875 0.01953125
0 0.0390625 0.0640625 0.009375 0.021875
0 0.03515625 0.16015625 0.021875 0.015625
0 0.121875 0.03046875 0.03125 0.021875
0 0.16328125 0.11796875 0.075 0.0609375
0 0.17109375 0.209375 0.059375 0.06640625
0 0.25546875 0.1796875 0.0734375 0.078125
0 0.3328125 0.17109375 0.053125 0.0375
0 0.315625 0.0921875 0.053125 0.0765625
0 0.24765625 0.11640625 0.025 0.03125
0 0.3953125 0.24296875 0.0421875 0.05625
0 0.39140625 0.190625 0.025 0.0296875
0 0.415625 0.1453125 0.0125 0.025
0 0.434375 0.1046875 0.0390625 0.0328125
0 0.3890625 0.00859375 0.021875 0.0171875
0 0.45625 0.00859375 0.0171875 0.0171875
0 0.2875 0.00625 0.0125 0.01171875
0 0.58984375 0.203125 0.025 0.0171875
0 0.5984375 0.1703125 0.0296875 0.021875
0 0.55703125 0.29609375 0.0375 0.0609375
0 0.596875 0.3046875 0.015625 0.015625
0 0.46484375 0.16015625 0.0140625 0.021875
0 0.4796875 0.1921875 0.025 0.0171875
0 0.4640625 0.13125 0.0125 0.0171875
0 0.4890625 0.915625 0.034375 0.0375