0 0.053125 0.525 0.0015625 0.00390625
0 0.04296875 0.69140625 0.0859375 0.3296875
0 0.02578125 0.9765625 0.0515625 0.046875
0 0.090625 0.99140625 0.03125 0.0171875
0 0.15703125 0.7546875 0.0984375 0.1078125
0 0.2390625 0.74296875 0.0640625 0.08984375
0 0.78984375 0.96953125 0.2 0.0609375
0 0.6703125 0.97265625 0.0125 0.0171875
0 0.3765625 0.87421875 0.1640625 0.2046875
0 0.48515625 0.95 0.0296875 0.040625
0 0.54609375 0.5609375 0.4484375 0.421875
0 0.9171875 0.55625 0.165625 0.0796875
0 0.87578125 0.7546875 0.18125 0.3109375
0 0.984375 0.6453125 0.0265625 0.05078125
0 0.75078125 0.85625 0.053125 0.084375
0 0.775 0.796875 0.0171875 0.0390625
0 0.68671875 0.8359375 0.071875 0.046875
0 0.62734375 0.809375 0.015625 0.025
0 0.1671875 0.6109375 0.028125 0.0296875
0 0.23359375 0.5859375 0.059375 0.0703125
0 0.77734375 0.3984375 0.0171875 0.03515625
0 0.840625 0.421875 0.0765625 0.0796875
0 0.9953125 0.39453125 0.009375 0.040625
0 0.9921875 0.315625 0.015625 0.03125
0 0.9734375 0.38125 0.03125 0.025
0 0.8453125 0.27421875 0.215625 0.11875
0 0.94765625 0.36640625 0.0140625 0.015625
0 0.171875 0.4375 0.0484375 0.08984375
0 0.14921875 0.5015625 0.0140625 0.025
0 0.10390625 0.5015625 0.0140625 0.025
0 0.0984375 0.475 0.0125 0.015625
0 0.01640625 0.296875 0.0328125 0.05859375
0 0.753125 0.1546875 0.0578125 0.10546875
0 0.8046875 0.14140625 0.015625 0.015625
0 0.8484375 0.13125 0.0296875 0.03125
0 0.68046875 0.10078125 0.06875 0.0375
0 0.71484375 0.13984375 0.0171875 0.05078125
0 0.66015625 0.19921875 0.0171875 0.01953125
0 0.53828125 0.12578125 0.0953125 0.08984375
0 0.5421875 0.03046875 0.0640625 0.0609375
0 0.58125 0.0625 0.0140625 0.03125
0 0.42265625 0.01484375 0.025 0.0171875
0 0.08984375 0.2796875 0.06875 0.0625
0 0.18671875 0.35234375 0.0765625 0.0625
0 0.0875 0.365625 0.01875 0.0140625
0 0.315625 0.1109375 0.0640625 0.08984375
0 0.45 0.0890625 0.0390625 0.05078125
0 0.45546875 0.034375 0.0140625 0.0234375
0 0.3859375 0.02734375 0.028125 0.015625
0 0.44296875 0.13125 0.03125 0.02734375
0 0.39765625 0.26953125 0.034375 0.06875
0 0.59609375 0.33671875 0.009375 0.0171875
0 0.56953125 0.34453125 0.009375 0.01171875
0 0.0890625 0.1890625 0.053125 0.0953125
0 0.16171875 0.14375 0.0671875 0.053125
0 0.1625 0.23828125 0.0375 0.0609375
0 0.1921875 0.24140625 0.01875 0.0375
0 0.25 0.215625 0.05625 0.05859375
0 0.28671875 0.1890625 0.0109375 0.0171875
0 0.334375 0.1984375 0.06875 0.046875
0 0.403125 0.190625 0.0484375 0.08984375
0 0.03828125 0.18046875 0.025 0.02734375
0 0.1234375 0.046875 0.0328125 0.0234375
0 0.1296875 0.1015625 0.0328125 0.01953125
0 0.08203125 0.1234375 0.01875 0.0171875
0 0.0421875 0.08203125 0.0109375 0.0140625
0 0.01484375 0.1015625 0.0296875 0.0234375
0 0.02421875 0.06953125 0.0171875 0.021875
0 0.00390625 0.03203125 0.0078125 0.01953125
0 0.5859375 0.23125 0.025 0.01953125
0 0.60546875 0.19921875 0.021875 0.015625
0 0.61015625 0.14765625 0.015625 0.0171875
0 0.46328125 0.1890625 0.0109375 0.015625
0 0.484375 0.0890625 0.009375 0.0171875
0 0.403125 0.10859375 0.021875 0.0171875
0 0.28984375 0.0234375 0.0125 0.015625
0 0.01875 0.1703125 0.00625 0.01171875
0 0.2515625 0.171875 0.0296875 0.021875
0 0.25390625 0.1359375 0.025 0.02734375
0 0.21015625 0.20703125 0.0140625 0.0234375
0 0.675 0.25703125 0.0109375 0.0140625
0 0.28203125 0.840625 0.0171875 0.021875