0 0.1890625 0.978125 0.075 0.04296875
0 0.0234375 0.77421875 0.046875 0.1703125
0 0.04296875 0.453125 0.0859375 0.38671875
0 0.128125 0.4484375 0.084375 0.25390625
0 0.0984375 0.596875 0.0265625 0.0328125
0 0.23984375 0.378125 0.1421875 0.1578125
0 0.2546875 0.26484375 0.09375 0.06640625
0 0.29609375 0.21015625 0.0796875 0.0375
0 0.32109375 0.2375 0.0328125 0.0171875
0 0.96796875 0.2671875 0.0640625 0.1421875
0 0.9859375 0.00703125 0.028125 0.0140625
0 0.815625 0.68671875 0.36875 0.43125
0 0.94921875 0.95 0.1015625 0.1
0 0.75390625 0.97421875 0.0765625 0.0515625
0 0.825 0.98125 0.0671875 0.0375
0 0.7140625 0.94140625 0.0171875 0.0140625
0 0.59140625 0.93046875 0.0765625 0.1390625
0 0.6515625 0.95 0.0421875 0.1
0 0.48828125 0.9578125 0.0234375 0.021875
0 0.1703125 0.6875 0.146875 0.1640625
0 0.28359375 0.67265625 0.0734375 0.109375
0 0.06953125 0.07109375 0.1390625 0.1421875
0 0.1703125 0.046875 0.0640625 0.09375
0 0.2359375 0.0171875 0.0359375 0.0296875
0 0.4125 0.0515625 0.103125 0.103125
0 0.46328125 0.14921875 0.0765625 0.0625
0 0.29140625 0.0578125 0.0796875 0.053125
0 0.35078125 0.0109375 0.0171875 0.021875
0 0.3046875 0.0078125 0.009375 0.009375
0 0.19921875 0.153125 0.0921875 0.06640625
0 0.11953125 0.19921875 0.0359375 0.0453125
0 0.65859375 0.240625 0.046875 0.0453125
0 0.32265625 0.12578125 0.0359375 0.0765625
0 0.234375 0.07421875 0.0140625 0.0140625
0 0.32109375 0.3828125 0.0234375 0.02734375
0 0.42421875 0.3296875 0.1671875 0.28515625
0 0.3375 0.48046875 0.0140625 0.015625
0 0.31484375 0.4796875 0.0125 0.0140625
0 0.51328125 0.50078125 0.1515625 0.0609375
0 0.5515625 0.4421875 0.0828125 0.05625
0 0.6171875 0.428125 0.040625 0.0453125
0 0.57265625 0.39375 0.0140625 0.0171875
0 0.3453125 0.63984375 0.0125 0.015625
0 0.39375 0.98046875 0.00625 0.009375