0 0.04296875 0.00859375 0.0515625 0.0171875
0 0.025 0.12109375 0.04375 0.16015625
0 0.01640625 0.29296875 0.0296875 0.05859375
0 0.11640625 0.05546875 0.0359375 0.0375
0 0.21328125 0.1953125 0.3234375 0.24609375
0 0.26796875 0.02265625 0.0671875 0.0296875
0 0.38203125 0.03046875 0.0328125 0.025
0 0.43359375 0.0265625 0.0578125 0.053125
0 0.08515625 0.3671875 0.0171875 0.009375
0 0.04375 0.690625 0.0875 0.3109375
0 0.05234375 0.97421875 0.1046875 0.0515625
0 0.09921875 0.5015625 0.0140625 0.05078125
0 0.18984375 0.7609375 0.1640625 0.1109375
0 0.178125 0.42109375 0.084375 0.19375
0 0.1640625 0.6109375 0.0375 0.03515625
0 0.2296875 0.5890625 0.075 0.078125
0 0.49765625 0.1796875 0.2421875 0.2265625
0 0.53828125 0.0328125 0.1015625 0.065625
0 0.61875 0.0078125 0.01875 0.015625
0 0.759375 0.15546875 0.2375 0.134375
0 0.6734375 0.2609375 0.0203125 0.0328125
0 0.840625 0.28046875 0.21875 0.13125
0 0.9625 0.3828125 0.075 0.06640625
0 0.990625 0.3171875 0.01875 0.05625
0 0.80859375 0.4203125 0.1453125 0.0859375
0 0.47734375 0.546875 0.3109375 0.40625
0 0.7875 0.96875 0.2125 0.0625
0 0.94765625 0.9875 0.0265625 0.025
0 0.5484375 0.31953125 0.01875 0.040625
0 0.88515625 0.684375 0.2078125 0.4515625
0 0.70625 0.634375 0.1484375 0.203125
0 0.75078125 0.8390625 0.065625 0.1234375
0 0.66875 0.8296875 0.090625 0.05859375
0 0.36640625 0.87109375 0.190625 0.22265625
0 0.478125 0.96875 0.0171875 0.021875