0 0.0046875 0.03046875 0.009375 0.0609375
0 0.0171875 0.0625 0.009375 0.015625
0 0.740625 0.04765625 0.0953125 0.0953125
0 0.6265625 0.040625 0.134375 0.08125
0 0.53125 0.040625 0.05 0.08125
0 0.58515625 0.13203125 0.128125 0.1
0 0.44140625 0.09453125 0.059375 0.06640625
0 0.31484375 0.01640625 0.034375 0.0328125
0 0.86015625 0.10546875 0.1359375 0.1734375
0 0.7828125 0.16484375 0.01875 0.03515625
0 0.8546875 0.24921875 0.109375 0.08203125
0 0.93515625 0.2609375 0.0296875 0.04296875
0 0.92421875 0.2125 0.0078125 0.0171875
0 0.62421875 0.24921875 0.121875 0.1265625
0 0.47265625 0.2390625 0.109375 0.12109375
0 0.39921875 0.14140625 0.025 0.02734375
0 0.31015625 0.2109375 0.13125 0.1875
0 0.37109375 0.3625 0.0875 0.11875
0 0.39375 0.275 0.0375 0.046875
0 0.2328125 0.178125 0.021875 0.078125
0 0.20546875 0.17109375 0.015625 0.046875
0 0.09609375 0.190625 0.1109375 0.259375
0 0.1671875 0.2859375 0.0234375 0.040625
0 0.1625 0.14140625 0.0109375 0.015625
0 0.184375 0.16328125 0.009375 0.0140625
0 0.284375 0.0640625 0.034375 0.0375
0 0.3265625 0.478125 0.1859375 0.11328125
0 0.46328125 0.4765625 0.084375 0.140625
0 0.534375 0.45 0.0515625 0.11328125
0 0.209375 0.4421875 0.0484375 0.04296875
0 0.19375 0.59765625 0.0765625 0.23828125
0 0.14765625 0.578125 0.0171875 0.078125
0 0.25 0.68671875 0.0390625 0.11328125
0 0.2265625 0.73046875 0.0078125 0.021875
0 0.325 0.6234375 0.0828125 0.109375
0 0.35078125 0.7859375 0.146875 0.21875
0 0.446875 0.73828125 0.0453125 0.08984375
0 0.465625 0.66875 0.028125 0.0375
0 0.52890625 0.7359375 0.096875 0.134375
0 0.575 0.61875 0.025 0.04296875
0 0.6265625 0.64375 0.0375 0.053125
0 0.628125 0.6921875 0.0234375 0.0375
0 0.9328125 0.45 0.11875 0.240625
0 0.9359375 0.6984375 0.1 0.1
0 0.9640625 0.609375 0.0546875 0.0765625
0 0.84453125 0.5296875 0.0546875 0.1078125
0 0.76015625 0.5625 0.071875 0.06875
0 0.69375 0.534375 0.0140625 0.0234375
0 0.76953125 0.6453125 0.1265625 0.0703125
0 0.73125 0.7125 0.053125 0.05078125
0 0.8203125 0.7234375 0.0890625 0.06875
0 0.83671875 0.67890625 0.0078125 0.01171875
0 0.86640625 0.684375 0.0109375 0.01171875
0 0.8015625 0.7890625 0.065625 0.0609375
0 0.790625 0.8734375 0.0140625 0.0234375
0 0.81953125 0.85859375 0.021875 0.03515625
0 0.740625 0.8359375 0.0328125 0.04296875
0 0.9796875 0.8296875 0.040625 0.0609375
0 0.64765625 0.50703125 0.0109375 0.015625
0 0.28828125 0.34375 0.0171875 0.015625
0 0.05390625 0.00390625 0.025 0.0078125
0 0.7671875 0.16484375 0.0078125 0.01171875
0 0.4625 0.98125 0.0390625 0.0375
0 0.4265625 0.98984375 0.015625 0.0203125
0 0.634375 0.984375 0.0640625 0.03125
0 0.8578125 0.9640625 0.15 0.071875
0 0.87890625 0.909375 0.0296875 0.0328125
0 0.753125 0.98828125 0.0125 0.0234375
0 0.77421875 0.9640625 0.015625 0.0171875
0 0.6953125 0.6296875 0.0140625 0.015625
0 0.659375 0.6796875 0.0171875 0.021875
0 0.571875 0.5375 0.0234375 0.021875
0 0.53046875 0.5234375 0.0078125 0.0140625