0 0.17734375 0.9796875 0.06875 0.040625
0 0.01484375 0.76875 0.0296875 0.1796875
0 0.8046875 0.715625 0.390625 0.56875
0 0.57109375 0.92890625 0.0765625 0.1421875
0 0.4734375 0.953125 0.03125 0.021875
0 0.1515625 0.6921875 0.146875 0.178125
0 0.2625 0.6703125 0.075 0.12890625
0 0.03828125 0.459375 0.0765625 0.3921875
0 0.1234375 0.4609375 0.1 0.2875
0 0.240625 0.3015625 0.1375 0.23046875
0 0.4625 0.36015625 0.2984375 0.35
0 0.63984375 0.23359375 0.0515625 0.0375
0 0.95625 0.25703125 0.0875 0.125
0 0.990625 0.134375 0.01875 0.03515625
0 0.98125 0.00390625 0.028125 0.0078125
0 0.43828125 0.14765625 0.06875 0.0640625
0 0.38984375 0.0515625 0.10625 0.103125
0 0.271875 0.05 0.0796875 0.0546875
0 0.2171875 0.015625 0.0328125 0.02734375
0 0.15078125 0.0578125 0.0671875 0.07421875
0 0.05859375 0.0765625 0.1171875 0.125
0 0.13125 0.00390625 0.0125 0.0078125
0 0.1828125 0.15 0.0921875 0.06640625
0 0.1296875 0.16015625 0.0078125 0.015625
0 0.09765625 0.19453125 0.03125 0.0453125
0 0.29140625 0.13984375 0.0484375 0.05625