0 0.03984375 0.0078125 0.028125 0.015625
0 0.303125 0.0234375 0.040625 0.046875
0 0.6375 0.04375 0.2859375 0.0875
0 0.575 0.13203125 0.13125 0.0859375
0 0.61640625 0.24375 0.1265625 0.1234375
0 0.853125 0.090625 0.13125 0.18125
0 0.7734375 0.15546875 0.0234375 0.0328125
0 0.85234375 0.240625 0.103125 0.078125
0 0.928125 0.2453125 0.0328125 0.0375
0 0.91875 0.19921875 0.00625 0.015625
0 0.7921875 0.240625 0.0109375 0.015625
0 0.74375 0.1671875 0.0125 0.0171875
0 0.43046875 0.09453125 0.0640625 0.0640625
0 0.4671875 0.23359375 0.109375 0.115625
0 0.08671875 0.240625 0.1140625 0.178125
0 0.16171875 0.2953125 0.028125 0.03125
0 0.1015625 0.10546875 0.0859375 0.08984375
0 0.15234375 0.1453125 0.0140625 0.015625
0 0.04921875 0.11875 0.009375 0.01171875
0 0.00703125 0.06953125 0.0140625 0.0171875
0 0.284375 0.2125 0.13125 0.18359375
0 0.19609375 0.17890625 0.01875 0.03125
0 0.17421875 0.16875 0.0171875 0.0140625
0 0.378125 0.26953125 0.053125 0.071875
0 0.3640625 0.3625 0.084375 0.11875
0 0.2828125 0.3453125 0.0109375 0.01171875
0 0.3890625 0.1375 0.028125 0.025
0 0.35625 0.49140625 0.1921875 0.1328125
0 0.4796875 0.46015625 0.05625 0.1171875
0 0.53359375 0.4625 0.046875 0.0703125
0 0.53359375 0.4140625 0.025 0.03125
0 0.51171875 0.3953125 0.0078125 0.01171875
0 0.20546875 0.446875 0.046875 0.053125
0 0.2515625 0.47734375 0.0125 0.021875
0 0.20625 0.6140625 0.0640625 0.2421875
0 0.15390625 0.58515625 0.0328125 0.078125
0 0.1625 0.69375 0.028125 0.05625
0 0.25078125 0.7015625 0.0234375 0.109375
0 0.2328125 0.74296875 0.0125 0.021875
0 0.328125 0.62421875 0.084375 0.1171875
0 0.359375 0.79296875 0.16875 0.2125
0 0.45625 0.7453125 0.0296875 0.0765625
0 0.50078125 0.6765625 0.0953125 0.0640625
0 0.5359375 0.75078125 0.0875 0.0921875
0 0.5765625 0.61875 0.0328125 0.04296875
0 0.46328125 0.53828125 0.009375 0.01953125
0 0.5296875 0.521875 0.0125 0.01171875
0 0.56875 0.53125 0.0171875 0.0171875
0 0.69453125 0.528125 0.0203125 0.021875
0 0.62734375 0.640625 0.040625 0.05078125
0 0.646875 0.69375 0.05625 0.0640625
0 0.93828125 0.440625 0.1234375 0.24609375
0 0.93359375 0.68671875 0.0984375 0.0953125
0 0.96171875 0.6 0.0671875 0.07421875
0 0.84453125 0.5234375 0.0640625 0.11328125
0 0.75859375 0.553125 0.075 0.0765625
0 0.809375 0.7140625 0.0984375 0.1875
0 0.74453125 0.82890625 0.0375 0.053125
0 0.81015625 0.8515625 0.05 0.04296875
0 0.98359375 0.81953125 0.0328125 0.0609375
0 0.72421875 0.6328125 0.071875 0.05625
0 0.7296875 0.70703125 0.0484375 0.05625
0 0.64921875 0.6015625 0.0140625 0.015625
0 0.6296875 0.98203125 0.071875 0.0359375
0 0.471875 0.98515625 0.028125 0.0296875
0 0.68125 0.9953125 0.0125 0.009375
0 0.86875 0.96015625 0.153125 0.0796875
0 0.884375 0.89921875 0.040625 0.03515625
0 0.9140625 0.809375 0.009375 0.015625
0 0.76015625 0.984375 0.0203125 0.02734375
0 0.77734375 0.9578125 0.015625 0.0234375
0 0.43125 0.99296875 0.00625 0.0140625
0 0.440625 0.96875 0.009375 0.01171875
0 0.27421875 0.0703125 0.0171875 0.0234375
0 0.64609375 0.4984375 0.0140625 0.015625