0 0.69453125 0.06328125 0.3265625 0.125
0 0.08515625 0.08515625 0.1703125 0.1703125
0 0.06015625 0.29609375 0.0921875 0.1625
0 0.18984375 0.20703125 0.103125 0.08203125
0 0.19453125 0.1421875 0.053125 0.0484375
0 0.27265625 0.1671875 0.0421875 0.0796875
0 0.2296875 0.11875 0.0359375 0.03515625
0 0.61328125 0.228125 0.115625 0.115625
0 0.97578125 0.203125 0.0484375 0.14453125
0 0.76875 0.26953125 0.0921875 0.1953125
0 0.675 0.14921875 0.1703125 0.040625
0 0.7859375 0.14453125 0.040625 0.0375
0 0.53125 0.3421875 0.0796875 0.1171875
0 0.90390625 0.3796875 0.0609375 0.0640625
0 0.59609375 0.296875 0.0203125 0.0171875
0 0.6515625 0.4171875 0.115625 0.1546875
0 0.54921875 0.42890625 0.0921875 0.06875
0 0.44453125 0.3734375 0.028125 0.021875
0 0.57734375 0.509375 0.0328125 0.06875
0 0.60546875 0.51640625 0.01875 0.040625
0 0.70625 0.521875 0.0625 0.0640625
0 0.040625 0.490625 0.08125 0.2046875
0 0.08515625 0.684375 0.09375 0.18359375
0 0.01875 0.7125 0.0375 0.1421875
0 0.20234375 0.53203125 0.1390625 0.2578125
0 0.09609375 0.58125 0.025 0.02734375
0 0.128125 0.58515625 0.0140625 0.0171875
0 0.32421875 0.49609375 0.0328125 0.03125
0 0.0734375 0.93671875 0.146875 0.1265625
0 0.14453125 0.82109375 0.0875 0.0953125
0 0.1546875 0.75 0.05 0.04296875
0 0.2578125 0.934375 0.2203125 0.13125
0 0.31015625 0.825 0.109375 0.0875
0 0.4078125 0.7359375 0.1171875 0.15
0 0.3125 0.725 0.046875 0.0484375
0 0.38359375 0.5734375 0.0328125 0.046875
0 0.44453125 0.55 0.0328125 0.0859375
0 0.4953125 0.58984375 0.0703125 0.0375
0 0.50078125 0.54609375 0.025 0.0375
0 0.38359375 0.3921875 0.009375 0.01171875
0 0.27890625 0.5234375 0.015625 0.0234375
0 0.40078125 0.00859375 0.05625 0.0171875
0 0.8296875 0.4421875 0.0125 0.0140625
0 0.89375 0.65 0.14375 0.23828125
0 0.88984375 0.8140625 0.0875 0.0953125
0 0.98828125 0.7265625 0.0234375 0.05078125
0 0.96953125 0.83671875 0.0609375 0.06640625
0 0.965625 0.925 0.06875 0.0953125
0 0.85859375 0.97578125 0.0125 0.0140625
0 0.68671875 0.909375 0.11875 0.125
0 0.78046875 0.8359375 0.025 0.02734375
0 0.79375 0.7265625 0.025 0.0765625
0 0.75078125 0.6015625 0.021875 0.05078125
0 0.6859375 0.6140625 0.0484375 0.0625
0 0.76875 0.5625 0.0171875 0.0390625
0 0.81328125 0.66015625 0.01875 0.02734375
0 0.82421875 0.81953125 0.0125 0.0171875
0 0.74375 0.83671875 0.0171875 0.0171875
0 0.446875 0.48828125 0.009375 0.01171875
0 0.00546875 0.84375 0.0109375 0.040625