0 0.02421875 0.8734375 0.0484375 0.10546875
0 0.0140625 0.6890625 0.028125 0.0703125
0 0.17265625 0.940625 0.1671875 0.11875
0 0.7015625 0.98515625 0.053125 0.0296875
0 0.57109375 0.9953125 0.015625 0.009375
0 0.61015625 0.98828125 0.0140625 0.015625
0 0.6296875 0.9953125 0.009375 0.009375
0 0.8921875 0.5921875 0.10625 0.0859375
0 0.915625 0.471875 0.071875 0.05078125
0 0.9109375 0.396875 0.0828125 0.078125
0 0.98125 0.2109375 0.0375 0.0375
0 0.96328125 0.10546875 0.0203125 0.0171875
0 0.83125 0.10546875 0.021875 0.0171875
0 0.24453125 0.6171875 0.246875 0.453125
0 0.20859375 0.8578125 0.0359375 0.0296875
0 0.175 0.865625 0.009375 0.0078125
0 0.10625 0.76875 0.028125 0.13125
0 0.37578125 0.446875 0.0234375 0.0234375
0 0.50078125 0.64765625 0.165625 0.19921875
0 0.47890625 0.75859375 0.05625 0.021875
0 0.3921875 0.6765625 0.053125 0.11328125
0 0.6921875 0.77265625 0.2203125 0.34375
0 0.559375 0.8796875 0.0515625 0.1171875
0 0.52734375 0.8984375 0.0125 0.03125
0 0.484375 0.88671875 0.0609375 0.040625
0 0.43125 0.8734375 0.025 0.0234375
0 0.6671875 0.54296875 0.103125 0.0796875
0 0.65078125 0.58984375 0.0125 0.0078125
0 0.725 0.46953125 0.040625 0.0546875
0 0.69375 0.48125 0.009375 0.01171875
0 0.78984375 0.3578125 0.0609375 0.06640625
0 0.88359375 0.34375 0.0125 0.015625
0 0.70625 0.9625 0.009375 0.01171875
0 0.85 0.2984375 0.021875 0.02734375
0 0.740625 0.35078125 0.028125 0.0296875
0 0.7078125 0.3421875 0.015625 0.015625
0 0.7578125 0.284375 0.0296875 0.0375
0 0.6140625 0.4140625 0.0953125 0.0765625
0 0.5265625 0.40546875 0.0453125 0.03515625
0 0.56171875 0.421875 0.009375 0.0140625
0 0.03828125 0.171875 0.0640625 0.10546875
0 0.059375 0.2546875 0.0515625 0.040625
0 0.01484375 0.259375 0.015625 0.0234375
0 0.00546875 0.2984375 0.0109375 0.03125
0 0.26640625 0.10546875 0.1109375 0.2109375
0 0.60625 0.10234375 0.078125 0.05625
0 0.07265625 0.00703125 0.0140625 0.0140625
0 0.1609375 0.0578125 0.05625 0.040625
0 0.11015625 0.0703125 0.021875 0.0234375
0 0.178125 0.14765625 0.0625 0.09375
0 0.13046875 0.14921875 0.034375 0.03125
0 0.14375 0.2328125 0.0328125 0.05078125
0 0.1234375 0.27734375 0.0171875 0.01953125
0 0.134375 0.328125 0.0375 0.0546875
0 0.23671875 0.30078125 0.0125 0.0171875
0 0.31953125 0.384375 0.0125 0.01171875
0 0.57265625 0.26875 0.1765625 0.125
0 0.690625 0.28125 0.0484375 0.0453125
0 0.68984375 0.2203125 0.0375 0.0171875
0 0.34453125 0.225 0.0453125 0.02734375
0 0.396875 0.215625 0.0296875 0.025
0 0.48671875 0.15234375 0.084375 0.11328125
0 0.5484375 0.13203125 0.025 0.021875
0 0.4234375 0.11015625 0.0453125 0.05625
0 0.3875 0.1171875 0.025 0.0296875
0 0.35390625 0.1640625 0.05 0.02734375
0 0.32890625 0.1328125 0.0125 0.0171875
0 0.34921875 0.10859375 0.0109375 0.0140625
0 0.36796875 0.1125 0.0125 0.015625
0 0.42109375 0.26953125 0.009375 0.01171875
0 0.3328125 0.25859375 0.0140625 0.021875
0 0.36875 0.0234375 0.0109375 0.0171875
0 0.19609375 0.1984375 0.009375 0.0078125
0 0.34609375 0.36796875 0.0125 0.0171875