0 0.99375 0.28046875 0.0125 0.025
0 0.9796875 0.078125 0.0234375 0.03125
0 0.86171875 0.3796875 0.1390625 0.2484375
0 0.99609375 0.4796875 0.0078125 0.015625
0 0.71484375 0.2234375 0.0609375 0.0765625
0 0.69765625 0.04765625 0.046875 0.04296875
0 0.871875 0.00625 0.009375 0.01171875
0 0.35546875 0.01484375 0.125 0.0296875
0 0.44375 0.03828125 0.021875 0.03125
0 0.60078125 0.015625 0.0140625 0.025
0 0.15546875 0.00390625 0.0453125 0.0078125
0 0.06171875 0.00859375 0.025 0.0171875
0 0.01796875 0.0078125 0.0359375 0.015625
0 0.1109375 0.2109375 0.2078125 0.2515625
0 0.3109375 0.50078125 0.2171875 0.225
0 0.58671875 0.53515625 0.3171875 0.30625
0 0.4328125 0.3296875 0.0765625 0.0953125
0 0.575 0.3296875 0.190625 0.0953125
0 0.1015625 0.671875 0.203125 0.3140625
0 0.23828125 0.7 0.06875 0.171875
0 0.06953125 0.8515625 0.034375 0.04296875
0 0.09375 0.4359375 0.1875 0.1578125
0 0.5140625 0.9453125 0.0125 0.01171875