0 0.03359375 0.96796875 0.0640625 0.0640625
0 0.09375 0.9890625 0.046875 0.021875
0 0.78828125 0.96875 0.2046875 0.0625
0 0.0453125 0.690625 0.090625 0.31875
0 0.19140625 0.75390625 0.1640625 0.10546875
0 0.8859375 0.75390625 0.228125 0.31875
0 0.74296875 0.8484375 0.0578125 0.0921875
0 0.67890625 0.840625 0.0703125 0.046875
0 0.37109375 0.87578125 0.1921875 0.19140625
0 0.4875 0.95234375 0.0296875 0.0484375
0 0.5484375 0.55859375 0.4484375 0.415625
0 0.23828125 0.5875 0.0625 0.06875
0 0.1671875 0.61640625 0.034375 0.03515625
0 0.2 0.58203125 0.015625 0.0140625
0 0.8390625 0.42109375 0.0765625 0.078125
0 0.88203125 0.55859375 0.1 0.07421875
0 0.94296875 0.4875 0.0359375 0.0484375
0 0.78359375 0.39921875 0.0265625 0.03125
0 0.59453125 0.3359375 0.0140625 0.01953125
0 0.8515625 0.2734375 0.2296875 0.12109375
0 0.9671875 0.384375 0.065625 0.0625
0 0.9921875 0.3140625 0.015625 0.04296875
0 0.17265625 0.44453125 0.0453125 0.0921875
0 0.1828125 0.359375 0.0640625 0.06875
0 0.534375 0.13984375 0.1046875 0.09765625
0 0.7078125 0.1453125 0.15625 0.13125
0 0.8046875 0.14140625 0.0203125 0.01953125
0 0.85 0.1359375 0.0390625 0.0453125
0 0.01796875 0.3 0.0328125 0.0546875
0 0.090625 0.22734375 0.06875 0.17578125
0 0.28671875 0.21015625 0.1703125 0.078125
0 0.31796875 0.11875 0.0625 0.0921875
0 0.24609375 0.14375 0.03125 0.040625
0 0.1640625 0.13671875 0.0765625 0.084375
0 0.1203125 0.1078125 0.0109375 0.01953125
0 0.121875 0.0484375 0.03125 0.0328125
0 0.553125 0.0375 0.075 0.07421875
0 0.42578125 0.01484375 0.03125 0.0296875
0 0.45703125 0.03046875 0.015625 0.0296875
0 0.45078125 0.1078125 0.0546875 0.08203125
0 0.38203125 0.03046875 0.025 0.025
0 0.3984375 0.26484375 0.046875 0.0921875
0 0.5015625 0.26171875 0.0171875 0.01953125
0 0.41015625 0.1765625 0.0328125 0.0703125
0 0.0390625 0.18125 0.0171875 0.015625
0 0.08515625 0.121875 0.021875 0.021875
0 0.040625 0.0078125 0.028125 0.015625
0 0.03359375 0.07109375 0.0265625 0.03515625
0 0.01953125 0.17109375 0.0109375 0.0171875
0 0.40703125 0.10859375 0.0125 0.01953125
0 0.4640625 0.19453125 0.0125 0.01953125
0 0.60625 0.2015625 0.015625 0.021875
0 0.59765625 0.11796875 0.01875 0.01171875
0 0.00390625 0.0328125 0.0078125 0.0296875
0 0.16953125 0.23828125 0.065625 0.078125
0 0.0890625 0.36640625 0.021875 0.021875
0 0.1 0.49296875 0.0203125 0.0484375
0 0.6671875 0.97578125 0.0171875 0.021875
0 0.15078125 0.5046875 0.0125 0.0140625
0 0.28828125 0.02734375 0.0140625 0.0171875