0 0.63359375 0.95078125 0.2078125 0.0984375
0 0.80546875 0.9875 0.0453125 0.021875
0 0.0421875 0.815625 0.084375 0.11328125
0 0.03515625 0.6453125 0.059375 0.0796875
0 0.01953125 0.2328125 0.0390625 0.1328125
0 0.0734375 0.15546875 0.0546875 0.0953125
0 0.09296875 0.23359375 0.05625 0.046875
0 0.04921875 0.234375 0.0171875 0.021875
0 0.1671875 0.28203125 0.0375 0.0921875
0 0.28125 0.5859375 0.2078125 0.42578125
0 0.15546875 0.67265625 0.046875 0.1875
0 0.19921875 0.90625 0.19375 0.1796875
0 0.32109375 0.97734375 0.0328125 0.03515625
0 0.490625 0.61015625 0.2125 0.2109375
0 0.69921875 0.6671875 0.2078125 0.3890625
0 0.72890625 0.43359375 0.0546875 0.05625
0 0.89140625 0.559375 0.1046875 0.1
0 0.9109375 0.39765625 0.06875 0.12890625
0 0.984375 0.19453125 0.03125 0.0375
0 0.96171875 0.09765625 0.0328125 0.0171875
0 0.8390625 0.0984375 0.0125 0.0140625
0 0.6234375 0.384375 0.0875 0.0765625
0 0.5421875 0.3734375 0.0453125 0.0328125
0 0.2953125 0.0953125 0.109375 0.190625
0 0.13515625 0.0625 0.0328125 0.01953125
0 0.171875 0.04296875 0.025 0.02734375
0 0.2078125 0.05390625 0.0203125 0.0296875
0 0.20078125 0.128125 0.0796875 0.0875
0 0.17734375 0.203125 0.0359375 0.0609375
0 0.36328125 0.13203125 0.025 0.0484375
0 0.428125 0.09375 0.08125 0.05078125
0 0.5125 0.1375 0.084375 0.109375
0 0.56328125 0.115625 0.015625 0.021875
0 0.61953125 0.0890625 0.059375 0.0609375
0 0.421875 0.19453125 0.0234375 0.01953125
0 0.36953125 0.20234375 0.0390625 0.0171875
0 0.35625 0.23515625 0.0203125 0.021875
0 0.26875 0.2765625 0.0171875 0.01171875
0 0.5625 0.2375 0.1140625 0.1
0 0.675 0.2578125 0.10625 0.071875
0 0.68828125 0.19140625 0.053125 0.0375
0 0.76875 0.25859375 0.028125 0.0296875
0 0.7984375 0.334375 0.0578125 0.0703125
0 0.7546875 0.3234375 0.028125 0.025
0 0.8890625 0.3171875 0.0203125 0.01171875
0 0.85234375 0.28125 0.0296875 0.03125
0 0.24765625 0.2421875 0.021875 0.0171875
0 0.33125 0.33984375 0.0421875 0.0703125
0 0.36953125 0.340625 0.009375 0.01953125
0 0.4015625 0.41328125 0.025 0.021875
0 0.56953125 0.81953125 0.053125 0.0703125
0 0.50546875 0.8171875 0.0734375 0.04296875
0 0.5109375 0.95625 0.009375 0.0171875
0 0.003125 0.009375 0.00625 0.015625
0 0.45390625 0.809375 0.0109375 0.01171875
0 0.44453125 0.2484375 0.009375 0.01171875