0 0.04765625 0.00390625 0.021875 0.0078125
0 0.67265625 0.0515625 0.2234375 0.103125
0 0.52265625 0.0515625 0.0390625 0.103125
0 0.57734375 0.14140625 0.11875 0.0765625
0 0.55 0.04609375 0.0109375 0.025
0 0.315625 0.021875 0.0328125 0.04296875
0 0.43671875 0.096875 0.0640625 0.0640625
0 0.09375 0.190625 0.1109375 0.259375
0 0.2953125 0.215625 0.1546875 0.2015625
0 0.37109375 0.3703125 0.1015625 0.1078125
0 0.390625 0.27421875 0.0390625 0.0796875
0 0.471875 0.2375 0.1109375 0.115625
0 0.61640625 0.253125 0.134375 0.1328125
0 0.8578125 0.0984375 0.125 0.1796875
0 0.7765625 0.16328125 0.034375 0.0328125
0 0.8578125 0.24296875 0.1078125 0.08984375
0 0.9328125 0.2578125 0.0328125 0.0375
0 0.92265625 0.209375 0.009375 0.0171875
0 0.93671875 0.44921875 0.1265625 0.240625
0 0.84453125 0.53125 0.05625 0.1109375
0 0.934375 0.69375 0.090625 0.09375
0 0.9625 0.60625 0.065625 0.07421875
0 0.98359375 0.82890625 0.0328125 0.0640625
0 0.8625 0.9625 0.146875 0.07421875
0 0.88359375 0.90625 0.0328125 0.0375
0 0.63515625 0.98515625 0.0671875 0.0296875
0 0.75078125 0.98828125 0.021875 0.0234375
0 0.77265625 0.96953125 0.0171875 0.02734375
0 0.4640625 0.984375 0.0328125 0.03125
0 0.37734375 0.4828125 0.2578125 0.1234375
0 0.53125 0.46171875 0.053125 0.078125
0 0.528125 0.41328125 0.015625 0.021875
0 0.46796875 0.4140625 0.025 0.01171875
0 0.57109375 0.5375 0.025 0.01953125
0 0.68828125 0.53125 0.0171875 0.0171875
0 0.75703125 0.56171875 0.06875 0.0703125
0 0.20546875 0.44375 0.0515625 0.040625
0 0.20703125 0.6 0.0796875 0.23046875
0 0.153125 0.58515625 0.028125 0.0703125
0 0.15703125 0.6828125 0.0203125 0.04296875
0 0.2390625 0.73125 0.0421875 0.0375
0 0.25703125 0.678125 0.01875 0.06640625
0 0.3234375 0.6234375 0.0828125 0.11875
0 0.3484375 0.79375 0.15 0.2203125
0 0.4484375 0.74140625 0.0484375 0.0765625
0 0.52890625 0.74296875 0.1078125 0.125
0 0.46328125 0.671875 0.034375 0.03125
0 0.57578125 0.62109375 0.0265625 0.03515625
0 0.62421875 0.64765625 0.0359375 0.04296875
0 0.63125 0.6921875 0.0328125 0.03515625
0 0.72421875 0.628125 0.06875 0.04296875
0 0.7953125 0.6578125 0.0734375 0.0625
0 0.7484375 0.659375 0.021875 0.015625
0 0.72890625 0.709375 0.05 0.0453125
0 0.821875 0.7234375 0.0765625 0.0640625
0 0.815625 0.8546875 0.01875 0.0375
0 0.790625 0.87109375 0.0125 0.025
0 0.7390625 0.8359375 0.03125 0.05078125
0 0.8 0.7890625 0.0359375 0.05625
0 0.64765625 0.609375 0.0140625 0.01953125
0 0.20390625 0.17890625 0.01875 0.05078125
0 0.16328125 0.2890625 0.0171875 0.0375
0 0.1609375 0.1453125 0.0125 0.015625
0 0.178125 0.1671875 0.009375 0.015625
0 0.00859375 0.059375 0.0171875 0.0328125
0 0.003125 0.0203125 0.00625 0.040625
0 0.2828125 0.0671875 0.0109375 0.01171875
0 0.66015625 0.6859375 0.015625 0.03515625
0 0.42578125 0.99140625 0.0078125 0.009375
0 0.64375 0.50625 0.009375 0.015625
0 0.5296875 0.525 0.009375 0.0140625
0 0.28671875 0.3453125 0.0125 0.015625
0 0.39375 0.14453125 0.0265625 0.021875
0 0.74765625 0.171875 0.009375 0.01171875
0 0.51484375 0.39921875 0.0078125 0.01171875
0 0.7703125 0.79296875 0.009375 0.0140625
0 0.7953125 0.2484375 0.0109375 0.0140625