0 0.240625 0.9453125 0.1421875 0.109375
0 0.00625 0.9875 0.009375 0.015625
0 0.2703125 0.75625 0.2671875 0.24375
0 0.1828125 0.5609375 0.053125 0.0609375
0 0.0734375 0.5140625 0.028125 0.040625
0 0.0265625 0.5921875 0.0171875 0.015625
0 0.0546875 0.540625 0.0140625 0.0171875
0 0.01875 0.4875 0.0125 0.0171875
0 0.30390625 0.0296875 0.1078125 0.05859375
0 0.55234375 0.0171875 0.0484375 0.034375
0 0.86171875 0.01171875 0.03125 0.0234375
0 0.69453125 0.05546875 0.0125 0.01953125
0 0.46796875 0.140625 0.1890625 0.1953125
0 0.35625 0.0984375 0.01875 0.015625
0 0.26640625 0.16484375 0.109375 0.1546875
0 0.16171875 0.2671875 0.0140625 0.02734375
0 0.175 0.25390625 0.009375 0.01953125
0 0.0953125 0.33984375 0.0140625 0.015625
0 0.31953125 0.4765625 0.175 0.12109375
0 0.353125 0.565625 0.0140625 0.0171875
0 0.31796875 0.27265625 0.0625 0.05625
0 0.2796875 0.3265625 0.0453125 0.02734375
0 0.33515625 0.22734375 0.025 0.0390625
0 0.3625 0.22265625 0.01875 0.05625
0 0.378125 0.253125 0.0140625 0.0234375
0 0.42734375 0.3 0.0828125 0.10546875
0 0.4015625 0.38984375 0.0078125 0.0171875
0 0.5625 0.26640625 0.084375 0.0375
0 0.596875 0.2140625 0.0625 0.0546875
0 0.69453125 0.2671875 0.084375 0.103125
0 0.6015625 0.35546875 0.071875 0.11328125
0 0.6453125 0.296875 0.015625 0.03125
0 0.86171875 0.20625 0.196875 0.2359375
0 0.82890625 0.4 0.0875 0.1546875
0 0.94453125 0.42578125 0.1046875 0.2109375
0 0.75859375 0.27265625 0.0078125 0.021875
0 0.9796875 0.24296875 0.040625 0.1484375
0 0.778125 0.7421875 0.1625 0.2796875
0 0.85234375 0.56875 0.0453125 0.05078125
0 0.2703125 0.58671875 0.1265625 0.0953125
0 0.53046875 0.92890625 0.0109375 0.01953125