0 0.03359375 0.00859375 0.0359375 0.0171875
0 0.2984375 0.0203125 0.034375 0.040625
0 0.62578125 0.04765625 0.2875 0.0953125
0 0.56875 0.13359375 0.11875 0.0765625
0 0.61171875 0.2421875 0.1296875 0.115625
0 0.840625 0.08671875 0.1234375 0.1734375
0 0.76796875 0.14921875 0.021875 0.021875
0 0.428125 0.096875 0.0671875 0.06875
0 0.3859375 0.14140625 0.028125 0.01953125
0 0.259375 0.06171875 0.0109375 0.0171875
0 0.740625 0.159375 0.0125 0.0140625
0 0.8453125 0.23359375 0.1 0.0859375
0 0.921875 0.24296875 0.0375 0.0390625
0 0.934375 0.43828125 0.13125 0.23046875
0 0.8375 0.51640625 0.065625 0.109375
0 0.93046875 0.68046875 0.096875 0.084375
0 0.9578125 0.596875 0.0640625 0.0796875
0 0.75625 0.54765625 0.071875 0.0703125
0 0.81953125 0.68046875 0.0765625 0.134375
0 0.740625 0.6296875 0.0796875 0.06875
0 0.73046875 0.696875 0.0515625 0.046875
0 0.79609375 0.77265625 0.0484375 0.040625
0 0.74296875 0.81875 0.0359375 0.040625
0 0.79140625 0.85546875 0.0125 0.021875
0 0.81875 0.840625 0.0203125 0.0375
0 0.98125 0.8078125 0.0375 0.071875
0 0.8640625 0.95390625 0.15 0.0921875
0 0.88125 0.8890625 0.0328125 0.02734375
0 0.77578125 0.94921875 0.0140625 0.0171875
0 0.76015625 0.97734375 0.028125 0.021875
0 0.6328125 0.98046875 0.115625 0.0390625
0 0.46953125 0.98046875 0.0328125 0.0390625
0 0.43359375 0.9875 0.0125 0.01171875
0 0.4234375 0.96796875 0.009375 0.015625
0 0.08671875 0.196875 0.1140625 0.25625
0 0.4703125 0.23359375 0.0953125 0.109375
0 0.28203125 0.0796875 0.0125 0.01171875
0 0.29765625 0.21953125 0.1234375 0.1875
0 0.359375 0.36875 0.0828125 0.10546875
0 0.38359375 0.27734375 0.0484375 0.07421875
0 0.225 0.18125 0.0203125 0.06640625
0 0.20234375 0.20234375 0.0140625 0.0375
0 0.18828125 0.175 0.0140625 0.015625
0 0.17265625 0.1671875 0.0125 0.021875
0 0.153125 0.14921875 0.009375 0.0140625
0 0.1609375 0.29375 0.0265625 0.0328125
0 0.4890625 0.46484375 0.1234375 0.13671875
0 0.35078125 0.4828125 0.1546875 0.109375
0 0.2609375 0.49375 0.028125 0.06875
0 0.2390625 0.47734375 0.0125 0.01953125
0 0.20234375 0.4453125 0.040625 0.0453125
0 0.20234375 0.6046875 0.0640625 0.23046875
0 0.153125 0.5875 0.03125 0.0765625
0 0.15859375 0.68671875 0.021875 0.046875
0 0.2515625 0.6796875 0.0328125 0.0796875
0 0.240625 0.73515625 0.034375 0.0328125
0 0.32578125 0.6203125 0.0796875 0.109375
0 0.35 0.78515625 0.1421875 0.22265625
0 0.4453125 0.7359375 0.0484375 0.0796875
0 0.53203125 0.7328125 0.0953125 0.1328125
0 0.46796875 0.665625 0.028125 0.04296875
0 0.571875 0.61640625 0.01875 0.0390625
0 0.62734375 0.6390625 0.0453125 0.046875
0 0.64296875 0.69375 0.0515625 0.05859375
0 0.69453125 0.61875 0.009375 0.01171875
0 0.6890625 0.51953125 0.01875 0.0171875
0 0.6453125 0.596875 0.009375 0.009375
0 0.56953125 0.53125 0.028125 0.021875
0 0.909375 0.8015625 0.0078125 0.01171875
0 0.99296875 0.8828125 0.0125 0.009375
0 0.2796875 0.346875 0.0109375 0.015625
0 0.7859375 0.2359375 0.0109375 0.01171875
0 0.68203125 0.6015625 0.009375 0.01171875
0 0.0046875 0.075 0.009375 0.0171875