0 0.13984375 0.57734375 0.2796875 0.4765625
0 0.071875 0.8359375 0.04375 0.04296875
0 0.35234375 0.49140625 0.146875 0.228125
0 0.121875 0.19609375 0.20625 0.2515625
0 0.075 0.0046875 0.0203125 0.009375
0 0.3890625 0.0109375 0.0796875 0.021875
0 0.45546875 0.03203125 0.021875 0.03125
0 0.61171875 0.015625 0.015625 0.01953125
0 0.7046875 0.04609375 0.0484375 0.02734375
0 0.98515625 0.084375 0.025 0.0234375
0 0.61171875 0.5 0.2640625 0.33984375
0 0.43828125 0.3265625 0.08125 0.08984375
0 0.71953125 0.228125 0.05625 0.0703125
0 0.86171875 0.37890625 0.140625 0.25
0 0.89375 0.225 0.0171875 0.0171875
0 0.996875 0.484375 0.00625 0.015625
0 0.996875 0.29296875 0.00625 0.01953125
0 0.9953125 0.265625 0.009375 0.01171875
0 0.5109375 0.94140625 0.0171875 0.0140625