0 0.034375 0.95625 0.06875 0.0875
0 0.0921875 0.97421875 0.025 0.0515625
0 0.040625 0.6453125 0.08125 0.31875
0 0.15234375 0.7140625 0.1 0.0921875
0 0.23515625 0.7046875 0.0515625 0.0875
0 0.3734375 0.83671875 0.165625 0.1875
0 0.4796875 0.90703125 0.0453125 0.04296875
0 0.796875 0.9484375 0.2125 0.103125
0 0.67421875 0.928125 0.009375 0.0140625
0 0.9578125 0.95390625 0.015625 0.0140625
0 0.89140625 0.7265625 0.2171875 0.27734375
0 0.753125 0.8015625 0.05625 0.08984375
0 0.68828125 0.790625 0.071875 0.040625
0 0.54609375 0.5015625 0.4546875 0.3765625
0 0.421875 0.70703125 0.040625 0.02734375
0 0.2296875 0.546875 0.0578125 0.06640625
0 0.16171875 0.571875 0.0328125 0.040625
0 0.78046875 0.35625 0.0140625 0.03125
0 0.8921875 0.50390625 0.0953125 0.0609375
0 0.87734375 0.54609375 0.0140625 0.0171875
0 0.95546875 0.4453125 0.0328125 0.0375
0 0.8484375 0.38125 0.075 0.078125
0 0.925 0.45 0.015625 0.0171875
0 0.85 0.240625 0.2125 0.10546875
0 0.97265625 0.3359375 0.0546875 0.0296875
0 0.096875 0.4625 0.0203125 0.03125
0 0.1640625 0.4234375 0.0484375 0.1078125
0 0.17734375 0.3265625 0.0625 0.06640625
0 0.08515625 0.2484375 0.0703125 0.06640625
0 0.01640625 0.2671875 0.0328125 0.053125
0 0.53828125 0.1 0.1078125 0.0859375
0 0.7046875 0.115625 0.1640625 0.12109375
0 0.80703125 0.10625 0.0140625 0.01953125
0 0.84765625 0.1 0.028125 0.0375
0 0.60625 0.11640625 0.0234375 0.021875
0 0.59921875 0.1671875 0.021875 0.015625
0 0.68046875 0.2203125 0.009375 0.0171875
0 0.39765625 0.23359375 0.034375 0.0546875
0 0.3953125 0.18671875 0.021875 0.02734375
0 0.45 0.06328125 0.0453125 0.0375
0 0.565625 0.009375 0.021875 0.01875
0 0.5265625 0.0140625 0.021875 0.02734375
0 0.4578125 0.00703125 0.0140625 0.0140625
0 0.38984375 0.00703125 0.0203125 0.0140625
0 0.3125 0.0890625 0.0515625 0.08984375
0 0.33359375 0.1671875 0.05625 0.0390625
0 0.24765625 0.175 0.053125 0.0703125
0 0.184375 0.21875 0.0375 0.040625
0 0.15546875 0.19140625 0.01875 0.03125
0 0.08671875 0.1890625 0.0609375 0.0375
0 0.0921875 0.13984375 0.0375 0.0453125
0 0.03828125 0.15234375 0.01875 0.021875
0 0.0125 0.08203125 0.025 0.01953125
0 0.15703125 0.1203125 0.0640625 0.0609375
0 0.25078125 0.10625 0.021875 0.0296875
0 0.1359375 0.075 0.0328125 0.0171875
0 0.08125 0.09765625 0.028125 0.01953125
0 0.12265625 0.028125 0.0265625 0.021875
0 0.00390625 0.01171875 0.0078125 0.015625
0 0.56796875 0.30859375 0.0171875 0.0171875
0 0.59609375 0.30078125 0.015625 0.0171875
0 0.4421875 0.1 0.0234375 0.0296875
0 0.40859375 0.1453125 0.0203125 0.03125
0 0.55390625 0.2765625 0.0171875 0.0328125
0 0.4640625 0.159375 0.0171875 0.0171875
0 0.2875 0.16015625 0.0171875 0.0171875
0 0.42421875 0.0046875 0.0109375 0.009375
0 0.28984375 0.00625 0.0125 0.01171875
0 0.484375 0.19140625 0.025 0.02734375