0 0.03046875 0.0109375 0.0359375 0.021875
0 0.29921875 0.0234375 0.040625 0.0453125
0 0.6265625 0.0453125 0.284375 0.08984375
0 0.5703125 0.13125 0.1234375 0.084375
0 0.61171875 0.2453125 0.1234375 0.1109375
0 0.84296875 0.09375 0.1359375 0.1875
0 0.7640625 0.1546875 0.0171875 0.03125
0 0.84609375 0.234375 0.1078125 0.0796875
0 0.7859375 0.23515625 0.00625 0.01171875
0 0.92421875 0.24296875 0.03125 0.04296875
0 0.9109375 0.1953125 0.0125 0.01171875
0 0.7375 0.1625 0.0078125 0.01171875
0 0.934375 0.43828125 0.13125 0.2421875
0 0.93203125 0.671875 0.09375 0.115625
0 0.95625 0.58671875 0.065625 0.053125
0 0.8375 0.51171875 0.065625 0.109375
0 0.75390625 0.55 0.075 0.078125
0 0.81328125 0.6890625 0.0828125 0.15234375
0 0.7953125 0.784375 0.0546875 0.0328125
0 0.80390625 0.84375 0.0453125 0.0484375
0 0.74453125 0.82109375 0.0359375 0.046875
0 0.725 0.69921875 0.05625 0.05078125
0 0.73671875 0.62890625 0.071875 0.06640625
0 0.68984375 0.6109375 0.0203125 0.02734375
0 0.68984375 0.52265625 0.0171875 0.0171875
0 0.42890625 0.0984375 0.0609375 0.0640625
0 0.4671875 0.23828125 0.0953125 0.11875
0 0.38828125 0.14453125 0.0265625 0.021875
0 0.0859375 0.19921875 0.115625 0.25625
0 0.15859375 0.2921875 0.025 0.0375
0 0.15078125 0.153125 0.015625 0.0234375
0 0.00625 0.07890625 0.0125 0.021875
0 0.29375 0.21875 0.115625 0.1859375
0 0.36171875 0.36875 0.0890625 0.11328125
0 0.378125 0.27421875 0.0546875 0.0703125
0 0.221875 0.18046875 0.025 0.0703125
0 0.2015625 0.19609375 0.0125 0.0328125
0 0.18984375 0.1734375 0.0109375 0.0171875
0 0.1703125 0.17109375 0.0125 0.015625
0 0.34140625 0.4828125 0.19375 0.11328125
0 0.47109375 0.46796875 0.06875 0.13125
0 0.5296875 0.44375 0.046875 0.103125
0 0.20234375 0.44609375 0.04375 0.040625
0 0.28203125 0.34765625 0.015625 0.0171875
0 0.2046875 0.60625 0.0609375 0.2328125
0 0.15625 0.58984375 0.0390625 0.07421875
0 0.159375 0.690625 0.025 0.05078125
0 0.25 0.68046875 0.03125 0.084375
0 0.24140625 0.7375 0.0375 0.03125
0 0.3265625 0.6234375 0.090625 0.11328125
0 0.35078125 0.79375 0.146875 0.22265625
0 0.4484375 0.74296875 0.0484375 0.084375
0 0.5328125 0.73515625 0.0953125 0.1328125
0 0.46953125 0.67265625 0.0359375 0.0453125
0 0.57265625 0.609375 0.0296875 0.040625
0 0.6234375 0.6375 0.046875 0.046875
0 0.63984375 0.6921875 0.053125 0.0609375
0 0.64375 0.5984375 0.0109375 0.0140625
0 0.52421875 0.521875 0.0125 0.015625
0 0.9796875 0.8078125 0.040625 0.0625
0 0.9078125 0.80390625 0.0109375 0.01171875
0 0.86796875 0.95390625 0.14375 0.0921875
0 0.88203125 0.8875 0.0421875 0.0375
0 0.765625 0.96015625 0.0328125 0.046875
0 0.6375 0.98203125 0.115625 0.0359375
0 0.4703125 0.9796875 0.0375 0.040625
0 0.4328125 0.98828125 0.009375 0.0140625
0 0.42421875 0.9671875 0.009375 0.01171875