0 0.01015625 0.75703125 0.0203125 0.02734375
0 0.0140625 0.98125 0.028125 0.0375
0 0.24453125 0.9484375 0.15 0.103125
0 0.27109375 0.77734375 0.2546875 0.2203125
0 0.0390625 0.6140625 0.0203125 0.021875
0 0.08046875 0.546875 0.0375 0.053125
0 0.18671875 0.584375 0.0546875 0.05625
0 0.2671875 0.63359375 0.096875 0.06640625
0 0.31015625 0.5015625 0.15625 0.115625
0 0.35078125 0.5921875 0.009375 0.01171875
0 0.034375 0.509375 0.0140625 0.015625
0 0.175 0.296875 0.025 0.0390625
0 0.1046875 0.3703125 0.0109375 0.0140625
0 0.996875 0.71171875 0.00625 0.01953125
0 0.75078125 0.75703125 0.15 0.2578125
0 0.8328125 0.32109375 0.184375 0.36875
0 0.96171875 0.3359375 0.0765625 0.084375
0 0.95234375 0.4734375 0.053125 0.1859375
0 0.98984375 0.46953125 0.0203125 0.05078125
0 0.96953125 0.75078125 0.01875 0.021875
0 0.99140625 0.1046875 0.0171875 0.05078125
0 0.91875 0.01875 0.0796875 0.0375
0 0.83125 0.02265625 0.0171875 0.01953125
0 0.84375 0.05859375 0.03125 0.03125
0 0.74140625 0.015625 0.0609375 0.03125
0 0.55703125 0.0171875 0.1234375 0.034375
0 0.55 0.05859375 0.046875 0.0453125
0 0.68203125 0.10234375 0.0140625 0.01171875
0 0.3046875 0.0546875 0.134375 0.109375
0 0.4734375 0.171875 0.203125 0.17578125
0 0.35625 0.1375 0.0203125 0.021875
0 0.26640625 0.19921875 0.1015625 0.14453125
0 0.3390625 0.265625 0.0578125 0.0546875
0 0.31015625 0.31953125 0.0515625 0.05078125
0 0.28359375 0.3625 0.05625 0.0234375
0 0.3796875 0.27734375 0.025 0.0453125
0 0.42578125 0.33125 0.0765625 0.134375
0 0.57109375 0.3546875 0.1234375 0.19375
0 0.67890625 0.3078125 0.08125 0.10546875
0 0.584375 0.24375 0.0171875 0.021875
0 0.8234375 0.60078125 0.0390625 0.04296875
0 0.871875 0.5484375 0.025 0.02734375
0 0.39921875 0.4234375 0.0125 0.01171875
0 0.5171875 0.934375 0.0125 0.0140625
0 0.971875 0.00703125 0.0125 0.0140625