0 0.54609375 0.01875 0.115625 0.0375
0 0.121875 0.0234375 0.0546875 0.046875
0 0.225 0.02421875 0.11875 0.0484375
0 0.1921875 0.08671875 0.10625 0.07421875
0 0.15390625 0.0359375 0.0109375 0.0140625
0 0.06171875 0.1234375 0.0640625 0.0875
0 0.15546875 0.234375 0.0765625 0.1484375
0 0.29375 0.16328125 0.103125 0.09765625
0 0.3765625 0.14921875 0.0484375 0.0765625
0 0.3390625 0.09375 0.0359375 0.03515625
0 0.2671875 0.06875 0.040625 0.046875
0 0.0375 0.19609375 0.025 0.0296875
0 0.10078125 0.2796875 0.009375 0.015625
0 0.01875 0.3546875 0.0375 0.1421875
0 0.09140625 0.38984375 0.1046875 0.1546875
0 0.11015625 0.4890625 0.0625 0.046875
0 0.7171875 0.0890625 0.1703125 0.16796875
0 0.87578125 0.1453125 0.1453125 0.140625
0 0.6921875 0.27421875 0.11875 0.115625
0 0.84296875 0.328125 0.1 0.2265625
0 0.7375 0.19375 0.1265625 0.046875
0 0.77109375 0.23515625 0.040625 0.040625
0 0.95390625 0.47265625 0.053125 0.0609375
0 0.5921875 0.365625 0.0609375 0.109375
0 0.515625 0.38359375 0.0171875 0.021875
0 0.6359375 0.365625 0.0171875 0.021875
0 0.71484375 0.465625 0.1109375 0.1484375
0 0.59921875 0.46171875 0.11875 0.05859375
0 0.6296875 0.53828125 0.05625 0.0765625
0 0.74453125 0.57421875 0.0625 0.0625
0 0.71015625 0.659375 0.0375 0.06640625
0 0.91953125 0.73828125 0.1078125 0.24375
0 0.78671875 0.671875 0.0328125 0.0625
0 0.80390625 0.628125 0.0140625 0.02734375
0 0.8484375 0.721875 0.0296875 0.040625
0 0.85234375 0.771875 0.025 0.0375
0 0.8 0.81640625 0.0328125 0.03125
0 0.80703125 0.77265625 0.0171875 0.025
0 0.67578125 0.93515625 0.1390625 0.1296875
0 0.77421875 0.8953125 0.025 0.02734375
0 0.8796875 0.903125 0.0625 0.0859375
0 0.92890625 0.8921875 0.0390625 0.025
0 0.96015625 0.93046875 0.0796875 0.0609375
0 0.98984375 0.83125 0.0203125 0.03125
0 0.82265625 0.88984375 0.0171875 0.01953125
0 0.85859375 0.83125 0.015625 0.01953125
0 0.26171875 0.48125 0.1734375 0.2359375
0 0.1265625 0.59296875 0.1015625 0.16796875
0 0.04375 0.6296875 0.0640625 0.1328125
0 0.02421875 0.76953125 0.0484375 0.1328125
0 0.08125 0.89921875 0.1421875 0.1234375
0 0.0640625 0.81171875 0.034375 0.05078125
0 0.109375 0.83125 0.053125 0.0171875
0 0.43828125 0.71953125 0.1234375 0.1640625
0 0.4953125 0.553125 0.0296875 0.06640625
0 0.54140625 0.6015625 0.071875 0.04296875
0 0.54921875 0.5609375 0.0296875 0.03125
0 0.38671875 0.478125 0.0390625 0.01953125
0 0.42890625 0.5609375 0.03125 0.046875
0 0.503125 0.49375 0.009375 0.0078125
0 0.8765625 0.5234375 0.0125 0.009375
0 0.18125 0.746875 0.103125 0.15234375
0 0.271875 0.91015625 0.215625 0.1796875
0 0.325 0.7875 0.1 0.0703125
0 0.346875 0.69375 0.0390625 0.05078125
0 0.9484375 0.9921875 0.0265625 0.015625
0 0.971875 0.99296875 0.0140625 0.0140625
0 0.00703125 0.4859375 0.0109375 0.0171875