0 0.02578125 0.8734375 0.0515625 0.1
0 0.01484375 0.6921875 0.0296875 0.084375
0 0.98359375 0.2171875 0.0328125 0.0453125
0 0.95703125 0.10546875 0.03125 0.0171875
0 0.8953125 0.5890625 0.1 0.09765625
0 0.9140625 0.64765625 0.015625 0.0171875
0 0.171875 0.93671875 0.16875 0.1265625
0 0.70234375 0.9859375 0.04375 0.02734375
0 0.91328125 0.396875 0.075 0.078125
0 0.9171875 0.46953125 0.0765625 0.05859375
0 0.79453125 0.36015625 0.06875 0.0796875
0 0.85 0.296875 0.0234375 0.0234375
0 0.88671875 0.3375 0.015625 0.021875
0 0.8328125 0.10625 0.0171875 0.0171875
0 0.48203125 0.8828125 0.05625 0.0375
0 0.68203125 0.7671875 0.2 0.3515625
0 0.5609375 0.8796875 0.0421875 0.1015625
0 0.571875 0.99375 0.0203125 0.01171875
0 0.6140625 0.9875 0.0125 0.015625
0 0.63515625 0.99375 0.0140625 0.01171875
0 0.70859375 0.965625 0.0109375 0.0140625
0 0.52890625 0.896875 0.0125 0.025
0 0.0078125 0.3015625 0.015625 0.03515625
0 0.27265625 0.1015625 0.121875 0.196875
0 0.61015625 0.10078125 0.0703125 0.0546875
0 0.76015625 0.284375 0.021875 0.0234375
0 0.74296875 0.35078125 0.028125 0.021875
0 0.71328125 0.34375 0.0125 0.0140625
0 0.1703125 0.1421875 0.0828125 0.09375
0 0.16328125 0.0578125 0.05 0.0375
0 0.109375 0.06875 0.021875 0.021875
0 0.07421875 0.0078125 0.0140625 0.015625
0 0.04453125 0.17109375 0.065625 0.109375
0 0.0703125 0.25703125 0.06875 0.046875
0 0.02265625 0.2578125 0.028125 0.021875
0 0.14921875 0.22265625 0.0140625 0.03125
0 0.13984375 0.246875 0.015625 0.01171875
0 0.125 0.27734375 0.015625 0.0140625
0 0.1375 0.33125 0.0421875 0.0609375
0 0.0109375 0.0828125 0.0125 0.0171875
0 0.37265625 0.2171875 0.103125 0.02734375
0 0.50625 0.6484375 0.1375 0.18359375
0 0.24921875 0.61640625 0.2078125 0.4453125
0 0.20859375 0.8515625 0.040625 0.03125
0 0.1765625 0.8640625 0.009375 0.0171875
0 0.3953125 0.675 0.0875 0.1390625
0 0.47890625 0.7515625 0.0578125 0.025
0 0.5359375 0.765625 0.0171875 0.0140625
0 0.43203125 0.8703125 0.021875 0.0171875
0 0.12109375 0.73125 0.0453125 0.1953125
0 0.23984375 0.30078125 0.0109375 0.0171875
0 0.3328125 0.259375 0.025 0.0171875
0 0.35625 0.42890625 0.009375 0.05078125
0 0.38046875 0.44609375 0.0328125 0.0140625
0 0.6671875 0.53984375 0.0953125 0.07421875
0 0.72578125 0.471875 0.04375 0.05078125
0 0.69609375 0.4828125 0.0109375 0.0140625
0 0.61796875 0.41328125 0.090625 0.08203125
0 0.5296875 0.403125 0.046875 0.0375
0 0.56484375 0.42109375 0.00625 0.015625
0 0.321875 0.384375 0.01875 0.0171875
0 0.3484375 0.3703125 0.0125 0.015625
0 0.6078125 0.2625 0.228125 0.1234375
0 0.6609375 0.19453125 0.0234375 0.015625
0 0.4890625 0.14765625 0.0859375 0.109375
0 0.54609375 0.1296875 0.0171875 0.02734375
0 0.425 0.10859375 0.0390625 0.05625
0 0.3921875 0.11640625 0.0203125 0.03125
0 0.34453125 0.159375 0.025 0.025
0 0.35078125 0.10546875 0.0109375 0.01171875
0 0.371875 0.025 0.0140625 0.015625
0 0.36953125 0.115625 0.0125 0.0171875
0 0.26640625 0.209375 0.0078125 0.01171875
0 0.1984375 0.196875 0.0078125 0.0140625
0 0.42421875 0.26953125 0.0125 0.015625
0 0.81953125 0.30625 0.009375 0.009375
0 0.1671875 0.37578125 0.00625 0.009375
0 0.3 0.33984375 0.0125 0.0140625
0 0.5640625 0.1359375 0.0109375 0.015625