0 0.91875 0.946875 0.071875 0.10546875
0 0.8484375 0.96796875 0.065625 0.0640625
0 0.77890625 0.98046875 0.0359375 0.0390625
0 0.646875 0.9890625 0.05625 0.021875
0 0.4671875 0.98359375 0.0296875 0.0328125
0 0.95625 0.45625 0.0875 0.27734375
0 0.878125 0.51875 0.071875 0.115625
0 0.9546875 0.6984375 0.090625 0.103125
0 0.98125 0.6203125 0.0375 0.053125
0 0.8921875 0.0875 0.159375 0.1578125
0 0.884375 0.2265625 0.1125 0.08203125
0 0.9703125 0.240625 0.034375 0.040625
0 0.95546875 0.19375 0.009375 0.015625
0 0.63125 0.03125 0.196875 0.0625
0 0.771875 0.0375 0.078125 0.07421875
0 0.60546875 0.10625 0.125 0.0859375
0 0.64296875 0.23046875 0.128125 0.11328125
0 0.48828125 0.2046875 0.1125 0.11875
0 0.45625 0.059375 0.059375 0.06640625
0 0.4109375 0.10546875 0.0359375 0.0296875
0 0.0953125 0.14921875 0.115625 0.2640625
0 0.16875 0.253125 0.03125 0.04296875
0 0.3015625 0.1734375 0.1640625 0.19140625
0 0.38359375 0.32890625 0.1015625 0.11875
0 0.41875 0.4515625 0.3109375 0.1265625
0 0.19765625 0.59375 0.1265625 0.275
0 0.24921875 0.44375 0.0234375 0.025
0 0.2078125 0.4125 0.046875 0.0484375
0 0.29375 0.3109375 0.0140625 0.01171875
0 0.54375 0.3796875 0.0140625 0.01171875
0 0.33515625 0.60546875 0.0921875 0.11875
0 0.346875 0.7796875 0.1421875 0.225
0 0.446875 0.7328125 0.059375 0.0859375
0 0.475 0.6578125 0.0296875 0.03515625
0 0.54609375 0.73125 0.1109375 0.134375
0 0.5921875 0.60078125 0.0296875 0.03125
0 0.63984375 0.6359375 0.040625 0.046875
0 0.65234375 0.6890625 0.0359375 0.05078125
0 0.67890625 0.6703125 0.0125 0.021875
0 0.78046875 0.5546875 0.0734375 0.07421875
0 0.71484375 0.51640625 0.021875 0.0171875
0 0.815625 0.64765625 0.0875 0.05859375
0 0.840625 0.7171875 0.08125 0.0796875
0 0.8890625 0.6828125 0.009375 0.015625
0 0.8171875 0.7890625 0.053125 0.0546875
0 0.825 0.86015625 0.04375 0.0484375
0 0.75703125 0.8390625 0.0375 0.040625
0 0.75078125 0.703125 0.046875 0.053125
0 0.73671875 0.61796875 0.06875 0.046875
0 0.19921875 0.13203125 0.0375 0.046875
0 0.3015625 0.0328125 0.021875 0.02734375
0 0.28125 0.0125 0.0109375 0.0140625
0 0.8 0.140625 0.025 0.02734375
0 0.6671875 0.5953125 0.009375 0.01171875
0 0.99375 0.83125 0.0125 0.03125
0 0.93046875 0.2828125 0.009375 0.009375
0 0.6390625 0.1625 0.0203125 0.0234375