0 0.91328125 0.81953125 0.05 0.05859375
0 0.990625 0.8921875 0.01875 0.084375
0 0.9375 0.37578125 0.1078125 0.125
0 0.97890625 0.62578125 0.0421875 0.296875
0 0.884375 0.4875 0.1375 0.1
0 0.89375 0.60625 0.0796875 0.0953125
0 0.75234375 0.540625 0.1109375 0.1796875
0 0.834375 0.31328125 0.028125 0.021875
0 0.33359375 0.05859375 0.1421875 0.1171875
0 0.48125 0.21015625 0.271875 0.2109375
0 0.634375 0.30625 0.028125 0.02734375
0 0.19765625 0.01484375 0.021875 0.021875
0 0.5734375 0.6171875 0.1859375 0.275
0 0.64453125 0.43828125 0.05 0.071875
0 0.45625 0.5140625 0.05 0.0703125
0 0.25546875 0.70625 0.2328125 0.353125
0 0.4171875 0.63359375 0.0875 0.15234375
0 0.0671875 0.41796875 0.134375 0.42578125
0 0.240625 0.4328125 0.153125 0.1953125
0 0.240625 0.2109375 0.2125 0.1734375
0 0.065625 0.1546875 0.0609375 0.06875
0 0.76015625 0.2671875 0.00625 0.01171875
0 0.8375 0.6078125 0.0125 0.015625