0 0.0609375 0.0375 0.0578125 0.0296875
0 0.9421875 0.01875 0.0578125 0.0375
0 0.996875 0.10625 0.00625 0.025
0 0.978125 0.25 0.04375 0.12890625
0 0.9359375 0.46171875 0.090625 0.12109375
0 0.990625 0.54765625 0.0140625 0.0234375
0 0.77421875 0.23046875 0.1453125 0.1859375
0 0.93984375 0.203125 0.0125 0.01953125
0 0.04921875 0.2921875 0.0984375 0.1734375
0 0.7328125 0.47734375 0.06875 0.084375
0 0.878125 0.7375 0.24375 0.2734375
0 0.94296875 0.93828125 0.1140625 0.1234375
0 0.81796875 0.93828125 0.0796875 0.1234375
0 0.30703125 0.97578125 0.046875 0.0484375
0 0.37890625 0.9875 0.0296875 0.025
0 0.23828125 0.98203125 0.0453125 0.0359375
0 0.2125 0.93671875 0.0140625 0.0234375
0 0.15078125 0.7953125 0.015625 0.01953125
0 0.16484375 0.78203125 0.0109375 0.01953125
0 0.084375 0.86015625 0.009375 0.015625
0 0.29296875 0.2890625 0.296875 0.24375
0 0.48984375 0.228125 0.0984375 0.1421875
0 0.53125 0.4359375 0.18125 0.2796875
0 0.315625 0.51171875 0.1734375 0.196875
0 0.45 0.696875 0.20625 0.18125
0 0.48359375 0.58984375 0.0203125 0.02734375
0 0.68046875 0.590625 0.0125 0.01953125
0 0.58671875 0.75625 0.059375 0.0609375
0 0.68359375 0.8078125 0.0859375 0.10546875
0 0.2703125 0.74921875 0.13125 0.25
0 0.59296875 0.89453125 0.065625 0.11875
0 0.56484375 0.81953125 0.040625 0.03125
0 0.40859375 0.85234375 0.071875 0.13125
0 0.3640625 0.79765625 0.0125 0.0234375
0 0.51640625 0.7984375 0.0125 0.01171875
0 0.84765625 0.54296875 0.0234375 0.025
0 0.8328125 0.50859375 0.015625 0.021875
0 0.87578125 0.30390625 0.015625 0.021875