0 0.05859375 0.5390625 0.1171875 0.2515625
0 0.059375 0.71171875 0.0375 0.02734375
0 0.0421875 0.96875 0.084375 0.0625
0 0.315625 0.67578125 0.2828125 0.28125
0 0.43359375 0.909375 0.196875 0.18125
0 0.503125 0.7765625 0.06875 0.0875
0 0.25078125 0.86015625 0.021875 0.021875
0 0.62890625 0.553125 0.1 0.1
0 0.54765625 0.6 0.053125 0.0453125
0 0.68515625 0.76953125 0.228125 0.16796875
0 0.925 0.8359375 0.15 0.196875
0 0.8703125 0.471875 0.259375 0.43125
0 0.41328125 0.35078125 0.146875 0.18359375
0 0.35546875 0.4546875 0.021875 0.0171875
0 0.3734375 0.475 0.0140625 0.0078125
0 0.3875 0.4890625 0.021875 0.0140625
0 0.2546875 0.33125 0.028125 0.01953125
0 0.98515625 0.16796875 0.0296875 0.0375
0 0.98046875 0.1234375 0.0390625 0.03125
0 0.97734375 0.00859375 0.0328125 0.0171875
0 0.9640625 0.034375 0.0359375 0.021875
0 0.87890625 0.0640625 0.121875 0.05625
0 0.81328125 0.10234375 0.0984375 0.0234375
0 0.90703125 0.15703125 0.0296875 0.025
0 0.78828125 0.1359375 0.0453125 0.021875
0 0.68828125 0.03984375 0.2171875 0.0796875
0 0.5515625 0.00859375 0.0421875 0.0171875
0 0.5671875 0.0375 0.01875 0.0234375
0 0.52421875 0.059375 0.034375 0.021875
0 0.55546875 0.11796875 0.03125 0.0625
0 0.62734375 0.1859375 0.0578125 0.053125
0 0.628125 0.1046875 0.0296875 0.0171875
0 0.68125 0.23359375 0.0296875 0.0390625
0 0.45078125 0.01640625 0.0578125 0.0328125
0 0.503125 0.11796875 0.0484375 0.046875
0 0.3890625 0.04609375 0.075 0.0921875
0 0.059375 0.28984375 0.11875 0.103125
0 0.36328125 0.15703125 0.15 0.12890625
0 0.24921875 0.08515625 0.13125 0.05859375
0 0.33125 0.00390625 0.01875 0.0078125
0 0.0578125 0.00390625 0.0609375 0.0078125
0 0.15703125 0.053125 0.05 0.05078125
0 0.13046875 0.14765625 0.13125 0.109375
0 0.20703125 0.23125 0.1015625 0.0953125
0 0.0296875 0.14453125 0.059375 0.0546875
0 0.08046875 0.0765625 0.0484375 0.0296875
0 0.14921875 0.24375 0.0109375 0.0171875
0 0.84921875 0.02265625 0.0375 0.03125
0 0.73359375 0.2640625 0.009375 0.0140625
0 0.590625 0.1671875 0.0125 0.0171875