0 0.0421875 0.684375 0.08125 0.334375
0 0.02734375 0.95625 0.0484375 0.0875
0 0.18671875 0.75390625 0.1609375 0.10546875
0 0.04140625 0.00859375 0.0359375 0.0171875
0 0.0265625 0.06875 0.01875 0.015625
0 0.11953125 0.0515625 0.0390625 0.0375
0 0.15546875 0.140625 0.0828125 0.09765625
0 0.1734375 0.24140625 0.065625 0.0765625
0 0.01953125 0.29296875 0.0359375 0.0625
0 0.01328125 0.103125 0.0234375 0.03125
0 0.0796875 0.12421875 0.021875 0.025
0 0.02734375 0.17890625 0.0328125 0.040625
0 0.08515625 0.196875 0.0515625 0.109375
0 0.09453125 0.2875 0.0703125 0.0859375
0 0.0875 0.3703125 0.01875 0.025
0 0.09921875 0.49375 0.0171875 0.0703125
0 0.1703125 0.60625 0.034375 0.040625
0 0.23671875 0.5859375 0.0640625 0.07421875
0 0.1859375 0.35234375 0.084375 0.0609375
0 0.1671875 0.4484375 0.053125 0.1078125
0 0.296875 0.203125 0.15 0.08203125
0 0.2515625 0.14140625 0.034375 0.0484375
0 0.31875 0.115625 0.059375 0.08203125
0 0.38828125 0.03125 0.0296875 0.0234375
0 0.43046875 0.01953125 0.0359375 0.0296875
0 0.45859375 0.0890625 0.0609375 0.0484375
0 0.54453125 0.03046875 0.0671875 0.0609375
0 0.4015625 0.2015625 0.04375 0.078125
0 0.44453125 0.13203125 0.0328125 0.0296875
0 0.29375 0.025 0.0125 0.01171875
0 0.25 0.01640625 0.025 0.021875
0 0.40234375 0.2765625 0.03125 0.0609375
0 0.49921875 0.26171875 0.0171875 0.02734375
0 0.46328125 0.19140625 0.0171875 0.02734375
0 0.6171875 0.21484375 0.1125 0.06640625
0 0.55078125 0.125 0.1328125 0.0859375
0 0.66953125 0.096875 0.078125 0.05078125
0 0.77890625 0.1484375 0.165625 0.10546875
0 0.6859375 0.1515625 0.021875 0.021875
0 0.84453125 0.26875 0.2171875 0.1234375
0 0.99140625 0.31953125 0.0171875 0.0609375
0 0.08984375 0.98828125 0.0328125 0.0234375
0 0.6765625 0.2578125 0.028125 0.01953125
0 0.8140625 0.4203125 0.15625 0.078125
0 0.97890625 0.38203125 0.0421875 0.0375
0 0.94375 0.484375 0.0625 0.03515625
0 0.88359375 0.54375 0.1109375 0.053125
0 0.89453125 0.7578125 0.2109375 0.36328125
0 0.7125 0.83671875 0.15625 0.1109375
0 0.7890625 0.96640625 0.215625 0.0671875
0 0.53515625 0.415625 0.2015625 0.13671875
0 0.5953125 0.33203125 0.0125 0.01953125
0 0.39296875 0.515625 0.0765625 0.13671875
0 0.37734375 0.66328125 0.1140625 0.1484375
0 0.3859375 0.8609375 0.184375 0.23828125
0 0.59375 0.615625 0.36875 0.25390625
0 0.946875 0.36328125 0.009375 0.015625