0 0.18515625 0.97421875 0.0828125 0.0515625
0 0.01796875 0.7609375 0.0359375 0.17578125
0 0.04609375 0.453125 0.0921875 0.3671875
0 0.19765625 0.68359375 0.209375 0.1328125
0 0.1359375 0.46171875 0.0890625 0.22265625
0 0.22890625 0.32109375 0.125 0.053125
0 0.2453125 0.3828125 0.1296875 0.07421875
0 0.15234375 0.33984375 0.0296875 0.015625
0 0.2453125 0.2484375 0.0921875 0.0859375
0 0.30625 0.21484375 0.034375 0.0484375
0 0.41484375 0.33125 0.1703125 0.2328125
0 0.3265625 0.4625 0.021875 0.02734375
0 0.4796875 0.48515625 0.1234375 0.07421875
0 0.56171875 0.41875 0.11875 0.0625
0 0.55546875 0.471875 0.025 0.04296875
0 0.55859375 0.38203125 0.0140625 0.01171875
0 0.0984375 0.0671875 0.19375 0.1078125
0 0.22109375 0.0125 0.0328125 0.025
0 0.41328125 0.08515625 0.1328125 0.1703125
0 0.334375 0.00625 0.0171875 0.01171875
0 0.278125 0.05 0.0828125 0.053125
0 0.30234375 0.1296875 0.034375 0.046875
0 0.1921875 0.1421875 0.0796875 0.05078125
0 0.10625 0.18671875 0.03125 0.04296875
0 0.1375 0.1546875 0.0125 0.015625
0 0.271875 0.19375 0.028125 0.021875
0 0.64140625 0.23125 0.0515625 0.03515625
0 0.29921875 0.46796875 0.0125 0.015625
0 0.47578125 0.9484375 0.025 0.025
0 0.38203125 0.9703125 0.0109375 0.0140625
0 0.9578125 0.25390625 0.084375 0.125
0 0.9953125 0.13984375 0.009375 0.03125
0 0.9859375 0.00390625 0.028125 0.0078125
0 0.58828125 0.4859375 0.0140625 0.015625
0 0.809375 0.55078125 0.38125 0.196875
0 0.840625 0.70234375 0.278125 0.1109375
0 0.934375 0.865625 0.13125 0.22265625
0 0.6703125 0.784375 0.0640625 0.18359375
0 0.7546875 0.815625 0.1078125 0.115625
0 0.58125 0.921875 0.1046875 0.1421875
0 0.64765625 0.9421875 0.0265625 0.0546875
0 0.775 0.965625 0.15 0.06875
0 0.69609375 0.8828125 0.015625 0.01171875
0 0.70234375 0.92890625 0.01875 0.009375
0 0.28984375 0.00390625 0.0125 0.0078125
0 0.0890625 0.003125 0.0125 0.00625