0 0.00703125 0.025 0.0140625 0.046875
0 0.01953125 0.059375 0.009375 0.015625
0 0.678125 0.04765625 0.228125 0.0953125
0 0.53515625 0.04765625 0.059375 0.0953125
0 0.5875 0.1375 0.1265625 0.0859375
0 0.62421875 0.25625 0.121875 0.109375
0 0.478125 0.2375 0.1109375 0.115625
0 0.87109375 0.10859375 0.14375 0.171875
0 0.32109375 0.01875 0.03125 0.0375
0 0.78125 0.16875 0.034375 0.0296875
0 0.85 0.2515625 0.08125 0.0859375
0 0.903125 0.24296875 0.0203125 0.06640625
0 0.9390625 0.259375 0.0328125 0.040625
0 0.92890625 0.21484375 0.0078125 0.0140625
0 0.94375 0.4015625 0.1125 0.134375
0 0.90703125 0.53125 0.1859375 0.12890625
0 0.93515625 0.6953125 0.0953125 0.12109375
0 0.97109375 0.6140625 0.0578125 0.0375
0 0.4421875 0.09453125 0.065625 0.06875
0 0.403125 0.14140625 0.028125 0.02734375
0 0.3015625 0.209375 0.11875 0.19375
0 0.37421875 0.3609375 0.084375 0.109375
0 0.38671875 0.26953125 0.05 0.07421875
0 0.33046875 0.4828125 0.1625 0.1109375
0 0.4453125 0.4890625 0.0671875 0.1
0 0.48359375 0.42109375 0.05 0.03515625
0 0.49375 0.4625 0.0328125 0.046875
0 0.53828125 0.4546875 0.0484375 0.0953125
0 0.51875 0.4 0.009375 0.015625
0 0.209375 0.44140625 0.05 0.046875
0 0.20546875 0.59375 0.075 0.2328125
0 0.153125 0.57421875 0.0296875 0.0703125
0 0.16015625 0.6796875 0.015625 0.0484375
0 0.09921875 0.1828125 0.1140625 0.25
0 0.16796875 0.2875 0.0234375 0.040625
0 0.2375 0.1609375 0.0109375 0.05859375
0 0.16796875 0.1390625 0.0125 0.015625
0 0.209375 0.18046875 0.0234375 0.0484375
0 0.18671875 0.1609375 0.0140625 0.01171875
0 0.296875 0.0703125 0.0234375 0.021875
0 0.2546875 0.67265625 0.028125 0.078125
0 0.24453125 0.72578125 0.034375 0.03125
0 0.334375 0.6171875 0.09375 0.11875
0 0.34609375 0.7890625 0.14375 0.21875
0 0.4453125 0.74140625 0.05 0.0859375
0 0.47265625 0.67109375 0.0296875 0.03515625
0 0.53515625 0.73828125 0.096875 0.14453125
0 0.57890625 0.61875 0.0265625 0.0390625
0 0.62890625 0.6671875 0.040625 0.08984375
0 0.66171875 0.6796875 0.01875 0.03125
0 0.7296875 0.71015625 0.05 0.0609375
0 0.53203125 0.5265625 0.0078125 0.01171875
0 0.64921875 0.50390625 0.009375 0.01171875
0 0.69609375 0.5328125 0.01875 0.015625
0 0.76171875 0.5640625 0.0703125 0.0765625
0 0.7359375 0.64140625 0.0828125 0.06875
0 0.81015625 0.6578125 0.0578125 0.0546875
0 0.81875 0.7234375 0.08125 0.0703125
0 0.7953125 0.7890625 0.059375 0.0484375
0 0.86875 0.6859375 0.0125 0.015625
0 0.74140625 0.8359375 0.0375 0.0453125
0 0.64921875 0.60625 0.009375 0.009375
0 0.571875 0.53828125 0.021875 0.01953125
0 0.29140625 0.340625 0.0125 0.01171875
0 0.7921875 0.87109375 0.0125 0.02734375
0 0.81875 0.85859375 0.025 0.0390625
0 0.98125 0.82890625 0.0375 0.0703125
0 0.86328125 0.96484375 0.146875 0.0703125
0 0.6328125 0.98515625 0.0484375 0.0296875
0 0.4625 0.98359375 0.0328125 0.0328125
0 0.88203125 0.9109375 0.0328125 0.03125
0 0.753125 0.99140625 0.025 0.0171875
0 0.77265625 0.96796875 0.01875 0.01953125
0 0.8 0.2515625 0.009375 0.009375
0 0.903125 0.30390625 0.009375 0.0171875
0 0.4265625 0.9921875 0.00625 0.01171875