0 0.98359375 0.084375 0.03125 0.0375
0 0.88203125 0.00859375 0.0125 0.015625
0 0.99609375 0.28125 0.0078125 0.046875
0 0.996875 0.484375 0.00625 0.0171875
0 0.70546875 0.04609375 0.0375 0.0328125
0 0.6125 0.0171875 0.0140625 0.021875
0 0.39140625 0.0109375 0.0796875 0.021875
0 0.45546875 0.0328125 0.025 0.0328125
0 0.8921875 0.22578125 0.0140625 0.01953125
0 0.865625 0.3765625 0.13125 0.24609375
0 0.7203125 0.22734375 0.0515625 0.07421875
0 0.11875 0.2 0.2 0.25390625
0 0.23359375 0.1109375 0.009375 0.0140625
0 0.22109375 0.14453125 0.0109375 0.0171875
0 0.10703125 0.65703125 0.2140625 0.30859375
0 0.31875 0.49375 0.215625 0.22265625
0 0.24453125 0.69140625 0.0640625 0.171875
0 0.096875 0.41875 0.19375 0.1640625
0 0.4359375 0.3203125 0.0765625 0.09375
0 0.5953125 0.48046875 0.24375 0.3734375
0 0.07265625 0.834375 0.0390625 0.0453125
0 0.50859375 0.94140625 0.0109375 0.015625
0 0.0734375 0.00390625 0.0203125 0.0078125