0 0.23125 0.9453125 0.146875 0.109375
0 0.778125 0.7375 0.1625 0.26953125
0 0.853125 0.57421875 0.0453125 0.0484375
0 0.30859375 0.03203125 0.121875 0.0640625
0 0.5578125 0.02265625 0.0515625 0.0453125
0 0.85625 0.01875 0.028125 0.021875
0 0.69453125 0.05859375 0.0140625 0.01953125
0 0.85390625 0.2125 0.203125 0.2515625
0 0.825 0.40625 0.0859375 0.134375
0 0.9453125 0.4359375 0.109375 0.19375
0 0.97734375 0.27421875 0.0453125 0.1328125
0 0.28515625 0.759375 0.2875 0.24609375
0 0.53046875 0.928125 0.009375 0.01953125
0 0.03125 0.59296875 0.015625 0.0171875
0 0.3140625 0.47734375 0.159375 0.125
0 0.19453125 0.56953125 0.06875 0.06640625
0 0.2765625 0.60625 0.0796875 0.05625
0 0.3546875 0.5671875 0.0109375 0.01171875
0 0.0734375 0.51640625 0.0328125 0.0375
0 0.0234375 0.4875 0.0109375 0.0171875
0 0.17109375 0.2625 0.025 0.0296875
0 0.26875 0.159375 0.1109375 0.1625
0 0.47578125 0.14140625 0.1828125 0.1859375
0 0.31953125 0.27421875 0.0609375 0.06640625
0 0.28046875 0.33203125 0.0484375 0.02734375
0 0.33671875 0.2296875 0.028125 0.02734375
0 0.36953125 0.23046875 0.0296875 0.06875
0 0.4328125 0.29609375 0.078125 0.1234375
0 0.3625 0.10234375 0.0234375 0.021875
0 0.3796875 0.1359375 0.0140625 0.03125
0 0.59921875 0.23515625 0.05625 0.0875
0 0.696875 0.2765625 0.0796875 0.103125
0 0.5984375 0.3578125 0.0734375 0.115625
0 0.5484375 0.26484375 0.0453125 0.0625
0 0.5875 0.2875 0.025 0.0171875
0 0.99609375 0.73046875 0.0078125 0.015625
0 0.10234375 0.3421875 0.0125 0.0140625
0 0.0046875 0.746875 0.009375 0.03125
0 0.00546875 0.98515625 0.0109375 0.0296875