0 0.8578125 0.3734375 0.13125 0.24609375
0 0.99140625 0.27421875 0.0171875 0.0453125
0 0.97734375 0.08125 0.025 0.02734375
0 0.70078125 0.04375 0.0453125 0.0296875
0 0.6046875 0.0171875 0.021875 0.0234375
0 0.7125 0.22265625 0.059375 0.078125
0 0.378125 0.0140625 0.0828125 0.02734375
0 0.44609375 0.0328125 0.025 0.03125
0 0.02421875 0.003125 0.0125 0.00625
0 0.0671875 0.003125 0.0140625 0.00625
0 0.1140625 0.20390625 0.2109375 0.2515625
0 0.22578125 0.115625 0.0125 0.015625
0 0.43046875 0.32109375 0.0796875 0.103125
0 0.60703125 0.484375 0.26875 0.3828125
0 0.3140625 0.49609375 0.2078125 0.228125
0 0.1046875 0.6625 0.209375 0.30859375
0 0.2421875 0.69609375 0.0640625 0.171875
0 0.0953125 0.42265625 0.1859375 0.16796875
0 0.50703125 0.94140625 0.015625 0.021875
0 0.88515625 0.22578125 0.0140625 0.0140625
0 0.07109375 0.83671875 0.040625 0.0453125
0 0.6671875 0.03203125 0.009375 0.01171875
0 0.8421875 0.184375 0.0109375 0.01171875