0 0.05546875 0.9765625 0.1109375 0.046875
0 0.79453125 0.971875 0.2140625 0.05625
0 0.38046875 0.88671875 0.1671875 0.1796875
0 0.48828125 0.9578125 0.0328125 0.0390625
0 0.19375 0.76171875 0.159375 0.103125
0 0.04609375 0.696875 0.0921875 0.3203125
0 0.88359375 0.75078125 0.221875 0.3265625
0 0.7453125 0.8546875 0.0484375 0.0703125
0 0.6859375 0.8421875 0.071875 0.0484375
0 0.88046875 0.559375 0.1046875 0.0640625
0 0.54609375 0.55546875 0.45 0.41796875
0 0.234375 0.5890625 0.059375 0.0640625
0 0.171875 0.6140625 0.040625 0.0453125
0 0.1671875 0.46015625 0.0625 0.1171875
0 0.10625 0.50703125 0.0171875 0.03125
0 0.18359375 0.359375 0.0703125 0.06875
0 0.01796875 0.29765625 0.0359375 0.0625
0 0.09296875 0.26171875 0.0671875 0.1265625
0 0.03125 0.178125 0.034375 0.0328125
0 0.78046875 0.403125 0.0203125 0.0328125
0 0.84375 0.42265625 0.0859375 0.084375
0 0.95625 0.4875 0.0875 0.05625
0 0.96875 0.3859375 0.0625 0.05625
0 0.990625 0.31640625 0.01875 0.0328125
0 0.846875 0.28125 0.228125 0.1328125
0 0.7515625 0.1546875 0.0828125 0.103125
0 0.80703125 0.14375 0.025 0.01953125
0 0.84765625 0.13203125 0.028125 0.0328125
0 0.671875 0.10859375 0.0578125 0.040625
0 0.09140625 0.16875 0.05 0.05859375
0 0.0125 0.10234375 0.025 0.0296875
0 0.03125 0.07421875 0.0421875 0.03515625
0 0.54609375 0.0296875 0.0609375 0.05859375
0 0.584375 0.0671875 0.0203125 0.0390625
0 0.53828125 0.13984375 0.1234375 0.09375
0 0.6703125 0.9765625 0.015625 0.021875
0 0.17109375 0.23828125 0.06875 0.078125
0 0.29375 0.2078125 0.146875 0.084375
0 0.40703125 0.27734375 0.0359375 0.05859375
0 0.45 0.1078125 0.05 0.078125
0 0.42578125 0.01875 0.028125 0.02734375
0 0.3875 0.03046875 0.025 0.02734375
0 0.45859375 0.03125 0.01875 0.0234375
0 0.31640625 0.1140625 0.059375 0.09765625
0 0.253125 0.140625 0.0375 0.040625
0 0.16484375 0.14921875 0.071875 0.06640625
0 0.13203125 0.1015625 0.0390625 0.025
0 0.084375 0.125 0.028125 0.025
0 0.12734375 0.0515625 0.0375 0.03125
0 0.04296875 0.0078125 0.0234375 0.015625
0 0.66328125 0.2046875 0.025 0.02734375
0 0.403125 0.20390625 0.046875 0.06640625
0 0.59609375 0.2015625 0.028125 0.02734375
0 0.2921875 0.02421875 0.01875 0.01953125
0 0.0921875 0.3671875 0.0203125 0.01953125
0 0.596875 0.3390625 0.0234375 0.015625
0 0.58984375 0.2375 0.0265625 0.021875