0 0.7921875 0.96015625 0.2 0.0796875
0 0.67421875 0.95625 0.0109375 0.0171875
0 0.36640625 0.8734375 0.184375 0.1734375
0 0.05390625 0.96640625 0.1078125 0.0671875
0 0.1921875 0.7359375 0.1578125 0.09765625
0 0.0453125 0.67265625 0.090625 0.31875
0 0.1671875 0.596875 0.0328125 0.0390625
0 0.2375 0.571875 0.0671875 0.06640625
0 0.17265625 0.42890625 0.0484375 0.0859375
0 0.10078125 0.48125 0.021875 0.0453125
0 0.184375 0.3453125 0.0625 0.06640625
0 0.0890625 0.35234375 0.0171875 0.01953125
0 0.01640625 0.2859375 0.0328125 0.05078125
0 0.09296875 0.2671875 0.0640625 0.0609375
0 0.8890625 0.7234375 0.221875 0.34765625
0 0.7515625 0.82890625 0.053125 0.08984375
0 0.675 0.81640625 0.0453125 0.0453125
0 0.72109375 0.834375 0.0109375 0.0171875
0 0.55390625 0.53046875 0.4375 0.384375
0 0.41640625 0.7765625 0.0140625 0.01171875
0 0.43828125 0.7390625 0.0109375 0.0140625
0 0.3875 0.74609375 0.009375 0.01171875
0 0.41484375 0.74140625 0.025 0.03515625
0 0.78046875 0.384375 0.015625 0.025
0 0.84609375 0.4046875 0.0796875 0.0859375
0 0.8875 0.525 0.1 0.05078125
0 0.95390625 0.4796875 0.034375 0.0375
0 0.92109375 0.47734375 0.0140625 0.0171875
0 0.9828125 0.3734375 0.034375 0.0484375
0 0.95 0.3515625 0.015625 0.0140625
0 0.84921875 0.2515625 0.2203125 0.1078125
0 0.99453125 0.303125 0.0109375 0.02734375
0 0.7703125 0.1265625 0.1875 0.115625
0 0.66015625 0.18671875 0.0171875 0.021875
0 0.66015625 0.0921875 0.0296875 0.03515625
0 0.5421875 0.1234375 0.1171875 0.1
0 0.54453125 0.02265625 0.0625 0.0453125
0 0.61015625 0.1359375 0.021875 0.01953125
0 0.60078125 0.1875 0.028125 0.021875
0 0.425 0.00859375 0.0171875 0.0171875
0 0.4578125 0.021875 0.0140625 0.015625
0 0.38984375 0.0203125 0.0203125 0.0171875
0 0.29140625 0.19453125 0.1390625 0.078125
0 0.31484375 0.10546875 0.05625 0.08203125
0 0.2515625 0.12578125 0.028125 0.03125
0 0.1625 0.11875 0.075 0.0859375
0 0.12734375 0.04375 0.0296875 0.0171875
0 0.09296875 0.15546875 0.040625 0.0484375
0 0.0828125 0.11640625 0.028125 0.0171875
0 0.18046875 0.22734375 0.059375 0.071875
0 0.08828125 0.20703125 0.0578125 0.03125
0 0.44765625 0.084375 0.0484375 0.046875
0 0.44609375 0.12421875 0.0328125 0.0328125
0 0.41328125 0.15546875 0.0296875 0.06640625
0 0.3953125 0.240625 0.040625 0.0921875
0 0.5578125 0.31171875 0.04375 0.046875
0 0.596875 0.321875 0.0109375 0.01171875
0 0.68046875 0.24609375 0.0125 0.0171875
0 0.58671875 0.221875 0.0125 0.0140625
0 0.0328125 0.0625 0.0296875 0.03515625
0 0.0125 0.09453125 0.025 0.021875
0 0.03828125 0.1703125 0.0171875 0.025
0 0.02109375 0.1625 0.0109375 0.0140625
0 0.003125 0.025 0.00625 0.01953125
0 0.1515625 0.48828125 0.0171875 0.0171875
0 0.48046875 0.95234375 0.0125 0.0171875
0 0.49921875 0.9234375 0.009375 0.01171875
0 0.425 0.30625 0.0078125 0.0140625
0 0.38046875 0.08203125 0.0109375 0.0140625
0 0.95 0.9796875 0.015625 0.0140625