0 0.18046875 0.97734375 0.0828125 0.0453125
0 0.01640625 0.7671875 0.0328125 0.1734375
0 0.0421875 0.4640625 0.084375 0.35546875
0 0.03125 0.2671875 0.025 0.0234375
0 0.05625 0.06640625 0.1125 0.1328125
0 0.14921875 0.0515625 0.0703125 0.0765625
0 0.21328125 0.01171875 0.0328125 0.0234375
0 0.3921875 0.04765625 0.1 0.0953125
0 0.44609375 0.140625 0.06875 0.06875
0 0.9578125 0.2515625 0.084375 0.1390625
0 0.99140625 0.13203125 0.0171875 0.03125
0 0.6359375 0.2328125 0.0484375 0.03515625
0 0.27421875 0.0515625 0.0796875 0.046875
0 0.32890625 0.00625 0.009375 0.01171875
0 0.2828125 0.00390625 0.009375 0.0078125
0 0.8078125 0.54765625 0.384375 0.19375
0 0.79609375 0.7203125 0.334375 0.1484375
0 0.93671875 0.8921875 0.1265625 0.1875
0 0.69921875 0.83984375 0.1265625 0.08984375
0 0.7765625 0.96640625 0.159375 0.0671875
0 0.584375 0.92578125 0.0921875 0.1484375
0 0.64375 0.93828125 0.0296875 0.0484375
0 0.69609375 0.925 0.0171875 0.01953125
0 0.4734375 0.95390625 0.028125 0.025
0 0.3796875 0.975 0.0109375 0.01171875
0 0.1546875 0.68359375 0.1375 0.17578125
0 0.26484375 0.66328125 0.0765625 0.125
0 0.4640625 0.3671875 0.3015625 0.34375
0 0.2984375 0.12890625 0.0328125 0.05078125
0 0.17265625 0.14765625 0.103125 0.06640625
0 0.1015625 0.19609375 0.0359375 0.0609375
0 0.24765625 0.3015625 0.1234375 0.22265625
0 0.29375 0.47265625 0.0125 0.01171875
0 0.1359375 0.44140625 0.0984375 0.275