0 0.06796875 0.08203125 0.1359375 0.1640625
0 0.0359375 0.29765625 0.0703125 0.1640625
0 0.0265625 0.534375 0.053125 0.14453125
0 0.00390625 0.44375 0.0078125 0.015625
0 0.6734375 0.0328125 0.328125 0.065625
0 0.59609375 0.19609375 0.1140625 0.15
0 0.65703125 0.09375 0.1578125 0.05078125
0 0.759375 0.228125 0.10625 0.2109375
0 0.6796875 0.1484375 0.0578125 0.05625
0 0.77890625 0.0890625 0.03125 0.0453125
0 0.971875 0.159375 0.05625 0.1484375
0 0.89765625 0.34296875 0.05 0.06875
0 0.51640625 0.3234375 0.0765625 0.1015625
0 0.178125 0.184375 0.0796875 0.1234375
0 0.1234375 0.209375 0.0296875 0.071875
0 0.24296875 0.15546875 0.046875 0.0875
0 0.19453125 0.10546875 0.040625 0.03125
0 0.04765625 0.703125 0.0953125 0.1875
0 0.14375 0.59765625 0.1 0.134375
0 0.07890625 0.59375 0.025 0.0296875
0 0.1640625 0.4875 0.0875 0.0859375
0 0.2296875 0.4625 0.0453125 0.115625
0 0.1859375 0.4078125 0.0125 0.015625
0 0.42890625 0.3578125 0.0234375 0.0234375
0 0.31328125 0.4921875 0.028125 0.021875
0 0.1328125 0.825 0.084375 0.16015625
0 0.0609375 0.9640625 0.121875 0.071875
0 0.0109375 0.9125 0.021875 0.02734375
0 0.2578125 0.946875 0.209375 0.10546875
0 0.14140625 0.93671875 0.00625 0.009375
0 0.30546875 0.8453125 0.115625 0.1015625
0 0.4015625 0.7296875 0.134375 0.15
0 0.2984375 0.73046875 0.053125 0.05078125
0 0.43671875 0.540625 0.0328125 0.078125
0 0.4890625 0.57734375 0.0734375 0.03515625
0 0.36796875 0.5640625 0.0328125 0.046875
0 0.4921875 0.534375 0.0265625 0.02734375
0 0.65546875 0.403125 0.1 0.1625
0 0.5890625 0.3875 0.0359375 0.084375
0 0.5328125 0.41875 0.0765625 0.0609375
0 0.590625 0.4828125 0.0359375 0.08984375
0 0.56171875 0.50625 0.021875 0.04296875
0 0.48125 0.44921875 0.025 0.01953125
0 0.36328125 0.384375 0.009375 0.01171875
0 0.20546875 0.60625 0.0109375 0.015625
0 0.2640625 0.5234375 0.0140625 0.015625
0 0.90078125 0.5703125 0.125 0.14453125
0 0.9375 0.6875 0.0734375 0.078125
0 0.7125 0.5125 0.040625 0.0296875
0 0.67890625 0.59453125 0.053125 0.06640625
0 0.77265625 0.5359375 0.0171875 0.0328125
0 0.7578125 0.58203125 0.0453125 0.05625
0 0.82734375 0.62578125 0.021875 0.0390625
0 0.86953125 0.6703125 0.0578125 0.053125
0 0.796875 0.71875 0.0296875 0.06875
0 0.9 0.7875 0.0875 0.11875
0 0.9734375 0.81328125 0.053125 0.0640625
0 0.95234375 0.903125 0.0140625 0.02734375
0 0.99140625 0.9265625 0.0171875 0.05625
0 0.834375 0.80625 0.0140625 0.021875
0 0.78515625 0.82421875 0.0296875 0.04296875
0 0.69453125 0.8875 0.1234375 0.1578125
0 0.825 0.4140625 0.0109375 0.021875
0 0.71796875 0.48046875 0.0109375 0.0234375
0 0.6859375 0.49609375 0.0125 0.0171875
0 0.99453125 0.703125 0.0109375 0.040625
0 0.9578125 0.7703125 0.009375 0.015625
0 0.875 0.9625 0.015625 0.0171875
0 0.4328125 0.4796875 0.0109375 0.015625
0 0.75390625 0.11796875 0.0078125 0.01171875
0 0.996875 0.0765625 0.00625 0.01171875
0 0.5890625 0.3171875 0.0109375 0.01171875
0 0.58671875 0.278125 0.0140625 0.015625