0 0.98359375 0.4015625 0.0328125 0.11875
0 0.97734375 0.01953125 0.0453125 0.0390625
0 0.70703125 0.0328125 0.1828125 0.065625
0 0.48359375 0.015625 0.090625 0.03125
0 0.28984375 0.0328125 0.2328125 0.065625
0 0.3421875 0.13125 0.1265625 0.13125
0 0.2484375 0.2796875 0.1859375 0.1484375
0 0.4734375 0.2796875 0.25625 0.1796875
0 0.06953125 0.03125 0.03125 0.03125
0 0.0203125 0.025 0.040625 0.05
0 0.03125 0.06640625 0.0140625 0.015625
0 0.22109375 0.096875 0.021875 0.0171875
0 0.1046875 0.23125 0.0609375 0.0765625
0 0.08203125 0.46953125 0.1640625 0.37890625
0 0.2625 0.47578125 0.1359375 0.1703125
0 0.31328125 0.734375 0.2953125 0.3296875
0 0.5609375 0.65234375 0.196875 0.2359375
0 0.45234375 0.55 0.021875 0.03125
0 0.6296875 0.48125 0.040625 0.040625
0 0.7234375 0.575 0.1 0.1484375
0 0.88984375 0.428125 0.0953125 0.1078125
0 0.95625 0.65625 0.0875 0.271875
0 0.86328125 0.8296875 0.05 0.053125
0 0.959375 0.8796875 0.059375 0.09375
0 0.971875 0.984375 0.05625 0.03125
0 0.865625 0.53828125 0.0953125 0.0921875
0 0.85234375 0.6359375 0.065625 0.084375
0 0.80078125 0.503125 0.034375 0.04296875
0 0.79921875 0.371875 0.0296875 0.01953125
0 0.62109375 0.36875 0.028125 0.02734375
0 0.8 0.63984375 0.0125 0.0171875
0 0.73515625 0.48046875 0.0125 0.01171875
0 0.73359375 0.33125 0.0109375 0.009375
0 0.965625 0.49375 0.0171875 0.021875
0 0.9390625 0.00703125 0.0171875 0.0140625