0 0.975 0.06953125 0.025 0.0296875
0 0.98984375 0.26640625 0.0203125 0.046875
0 0.8609375 0.36796875 0.146875 0.2421875
0 0.99453125 0.4703125 0.0109375 0.015625
0 0.709375 0.2171875 0.053125 0.084375
0 0.6953125 0.0421875 0.0390625 0.03515625
0 0.59921875 0.0125 0.01875 0.01953125
0 0.3578125 0.0125 0.1171875 0.025
0 0.4390625 0.03125 0.021875 0.0328125
0 0.14765625 0.00390625 0.0515625 0.0078125
0 0.0578125 0.00859375 0.0234375 0.0171875
0 0.11484375 0.20625 0.2203125 0.25625
0 0.59375 0.4796875 0.271875 0.3734375
0 0.4234375 0.31875 0.0671875 0.1
0 0.31015625 0.496875 0.2140625 0.2203125
0 0.10234375 0.6640625 0.2046875 0.32421875
0 0.2390625 0.7015625 0.0703125 0.19140625
0 0.071875 0.8453125 0.053125 0.0375
0 0.08828125 0.42578125 0.1765625 0.1484375
0 0.5109375 0.940625 0.0109375 0.015625
0 0.6609375 0.028125 0.0140625 0.01171875
0 0.86796875 0.003125 0.0125 0.00625