0 0.03203125 0.00859375 0.0296875 0.0171875
0 0.3015625 0.02265625 0.0390625 0.0453125
0 0.62734375 0.04375 0.2875 0.0875
0 0.56875 0.13125 0.125 0.0875
0 0.60859375 0.2453125 0.1265625 0.11328125
0 0.840625 0.090625 0.1265625 0.18125
0 0.7671875 0.1546875 0.01875 0.02734375
0 0.85234375 0.234375 0.121875 0.0875
0 0.9234375 0.240625 0.021875 0.040625
0 0.784375 0.23828125 0.00625 0.015625
0 0.7375 0.1625 0.0140625 0.015625
0 0.4296875 0.0953125 0.0765625 0.0703125
0 0.465625 0.23359375 0.1046875 0.115625
0 0.3046875 0.2125 0.13125 0.18359375
0 0.36171875 0.36328125 0.0875 0.1234375
0 0.3890625 0.271875 0.0328125 0.040625
0 0.22109375 0.184375 0.0234375 0.084375
0 0.2 0.196875 0.0125 0.03515625
0 0.18828125 0.175 0.009375 0.015625
0 0.171875 0.17109375 0.009375 0.01953125
0 0.08515625 0.1984375 0.1140625 0.26171875
0 0.15859375 0.296875 0.0265625 0.0375
0 0.15078125 0.15234375 0.0109375 0.01171875
0 0.27890625 0.34765625 0.0125 0.015625
0 0.340625 0.4921875 0.146875 0.13125
0 0.48203125 0.46484375 0.1375 0.15
0 0.25234375 0.49296875 0.028125 0.05625
0 0.20234375 0.45 0.046875 0.05078125
0 0.20625 0.6078125 0.065625 0.2421875
0 0.15546875 0.58984375 0.0375 0.0765625
0 0.159375 0.6890625 0.0265625 0.05859375
0 0.253125 0.6828125 0.03125 0.08984375
0 0.2375 0.73828125 0.028125 0.01953125
0 0.32890625 0.62578125 0.084375 0.1234375
0 0.375 0.7953125 0.1875 0.2171875
0 0.5296875 0.728125 0.0953125 0.14453125
0 0.46796875 0.6625 0.025 0.040625
0 0.57265625 0.6125 0.028125 0.04296875
0 0.93671875 0.43359375 0.1265625 0.23828125
0 0.8421875 0.51640625 0.0671875 0.11328125
0 0.93046875 0.6703125 0.09375 0.109375
0 0.96015625 0.58203125 0.0671875 0.0609375
0 0.98125 0.80859375 0.0375 0.0703125
0 0.75234375 0.54765625 0.0671875 0.0765625
0 0.68828125 0.5203125 0.0203125 0.0171875
0 0.81875 0.6796875 0.0859375 0.140625
0 0.79609375 0.778125 0.0515625 0.053125
0 0.81953125 0.8375 0.025 0.0375
0 0.790625 0.85859375 0.0171875 0.03125
0 0.86328125 0.9546875 0.15625 0.08984375
0 0.88515625 0.890625 0.025 0.0328125
0 0.765625 0.96171875 0.0328125 0.0484375
0 0.62890625 0.98046875 0.1171875 0.0390625
0 0.453125 0.98046875 0.06875 0.0390625
0 0.7421875 0.82109375 0.0359375 0.0546875
0 0.634375 0.66328125 0.0640625 0.10546875
0 0.73984375 0.63125 0.071875 0.0625
0 0.728125 0.69921875 0.05 0.0546875
0 0.64375 0.5984375 0.0140625 0.015625
0 0.69375 0.61796875 0.009375 0.01171875
0 0.91015625 0.8015625 0.0140625 0.015625
0 0.86796875 0.88984375 0.009375 0.00625
0 0.9890625 0.8828125 0.0171875 0.0171875
0 0.27421875 0.071875 0.0171875 0.015625
0 0.5671875 0.53125 0.021875 0.0171875