0 0.196875 0.978125 0.0765625 0.04296875
0 0.025 0.7640625 0.05 0.1734375
0 0.21796875 0.6765625 0.225 0.1484375
0 0.96953125 0.26171875 0.0609375 0.1328125
0 0.81796875 0.6875 0.3640625 0.42578125
0 0.95 0.9453125 0.1 0.08984375
0 0.7890625 0.9796875 0.15 0.040625
0 0.78359375 0.95 0.0171875 0.021875
0 0.71796875 0.9390625 0.0125 0.0171875
0 0.5921875 0.9265625 0.08125 0.146875
0 0.6546875 0.95 0.0421875 0.06640625
0 0.48984375 0.9578125 0.025 0.021875
0 0.3953125 0.9765625 0.0109375 0.021875
0 0.421875 0.0515625 0.1 0.103125
0 0.46796875 0.14921875 0.075 0.06875
0 0.6625 0.23828125 0.0421875 0.03515625
0 0.1046875 0.06171875 0.209375 0.1234375
0 0.240625 0.01484375 0.0359375 0.0296875
0 0.2953125 0.0515625 0.0875 0.0484375
0 0.35703125 0.00703125 0.0109375 0.0140625
0 0.2015625 0.1453125 0.0953125 0.0546875
0 0.1234375 0.18671875 0.0328125 0.0390625
0 0.33046875 0.1359375 0.0296875 0.0328125
0 0.053125 0.4453125 0.10625 0.3890625
0 0.146875 0.46015625 0.078125 0.2328125
0 0.2484375 0.3703125 0.125 0.1265625
0 0.18203125 0.32421875 0.00625 0.0140625
0 0.25625 0.27265625 0.0875 0.0625
0 0.3 0.21171875 0.0859375 0.053125
0 0.48828125 0.37578125 0.2953125 0.3140625
0 0.3234375 0.37890625 0.0203125 0.015625
0 0.3375 0.471875 0.0125 0.0234375
0 0.3171875 0.471875 0.0140625 0.0171875
0 0.346875 0.63203125 0.0125 0.015625