0 0.96640625 0.64375 0.0671875 0.28515625
0 0.97734375 0.8796875 0.0453125 0.0953125
0 0.9875 0.99296875 0.025 0.0140625
0 0.890625 0.8265625 0.053125 0.0609375
0 0.99609375 0.39140625 0.0078125 0.06875
0 0.91171875 0.4 0.1046875 0.1109375
0 0.87109375 0.51171875 0.128125 0.0953125
0 0.86875 0.62578125 0.071875 0.09375
0 0.98828125 0.47578125 0.009375 0.0140625
0 0.7265625 0.56171875 0.0921875 0.171875
0 0.74765625 0.4546875 0.0109375 0.015625
0 0.8171875 0.62421875 0.015625 0.0140625
0 0.81328125 0.34296875 0.01875 0.0171875
0 0.3390625 0.0765625 0.1546875 0.15234375
0 0.36640625 0.25 0.4765625 0.19375
0 0.2078125 0.05625 0.0171875 0.021875
0 0.22578125 0.00390625 0.0203125 0.0078125
0 0.69765625 0.0109375 0.0671875 0.021875
0 0.76875 0.01484375 0.06875 0.0296875
0 0.0484375 0.00625 0.0234375 0.01171875
0 0.07265625 0.4484375 0.1453125 0.396875
0 0.08359375 0.1953125 0.0625 0.071875
0 0.25703125 0.453125 0.1515625 0.17578125
0 0.2984375 0.725 0.3046875 0.3421875
0 0.5640625 0.6359375 0.2015625 0.271875
0 0.459375 0.5390625 0.040625 0.0546875
0 0.6359375 0.4671875 0.040625 0.0609375
0 0.62734375 0.340625 0.0328125 0.03515625