0 0.05 0.00625 0.028125 0.01171875
0 0.00546875 0.01875 0.0109375 0.0375
0 0.003125 0.059375 0.00625 0.015625
0 0.01640625 0.06953125 0.0140625 0.0171875
0 0.09375 0.2328125 0.1125 0.1640625
0 0.121875 0.11015625 0.0515625 0.0703125
0 0.08671875 0.0859375 0.025 0.0484375
0 0.05625 0.11640625 0.0125 0.009375
0 0.675 0.05078125 0.2265625 0.1015625
0 0.528125 0.05 0.05 0.1
0 0.5796875 0.140625 0.121875 0.0765625
0 0.4375 0.1015625 0.05625 0.0703125
0 0.315625 0.01875 0.034375 0.0375
0 0.47265625 0.2359375 0.1046875 0.115625
0 0.62109375 0.2546875 0.1234375 0.109375
0 0.85703125 0.1 0.1265625 0.178125
0 0.7765625 0.16484375 0.0359375 0.02734375
0 0.85 0.24921875 0.1140625 0.0859375
0 0.934375 0.2578125 0.034375 0.0390625
0 0.921875 0.2109375 0.0125 0.015625
0 0.309375 0.2140625 0.1375 0.1859375
0 0.2328125 0.18046875 0.0171875 0.0765625
0 0.20625 0.18125 0.0234375 0.04296875
0 0.18125 0.1609375 0.009375 0.009375
0 0.1671875 0.2875 0.0234375 0.02734375
0 0.36875 0.3625 0.084375 0.115625
0 0.39453125 0.2703125 0.034375 0.0375
0 0.2859375 0.34375 0.0078125 0.0078125
0 0.33359375 0.484375 0.1875 0.109375
0 0.4640625 0.4765625 0.075 0.1390625
0 0.53046875 0.44921875 0.059375 0.10546875
0 0.20859375 0.44453125 0.0484375 0.04296875
0 0.2046875 0.6015625 0.071875 0.228125
0 0.15390625 0.58203125 0.0296875 0.06640625
0 0.15703125 0.684375 0.01875 0.0453125
0 0.25390625 0.69609375 0.025 0.115625
0 0.23203125 0.73125 0.015625 0.0296875
0 0.3296875 0.61875 0.0859375 0.11875
0 0.3484375 0.79296875 0.1375 0.225
0 0.44375 0.740625 0.053125 0.0921875
0 0.53046875 0.734375 0.103125 0.15234375
0 0.46796875 0.67265625 0.025 0.03515625
0 0.5765625 0.6171875 0.0234375 0.0328125
0 0.628125 0.6484375 0.04375 0.046875
0 0.63125 0.6921875 0.0234375 0.03125
0 0.6609375 0.684375 0.0140625 0.03125
0 0.9421875 0.44921875 0.115625 0.23828125
0 0.9359375 0.6984375 0.10625 0.0953125
0 0.9625 0.61015625 0.065625 0.08203125
0 0.84765625 0.53203125 0.075 0.109375
0 0.75859375 0.56328125 0.0703125 0.071875
0 0.69453125 0.53203125 0.0171875 0.021875
0 0.571875 0.53515625 0.0234375 0.021875
0 0.646875 0.50390625 0.0109375 0.015625
0 0.71953125 0.62578125 0.0640625 0.0390625
0 0.7953125 0.65546875 0.0859375 0.05859375
0 0.7453125 0.65703125 0.0140625 0.025
0 0.728125 0.709375 0.05625 0.04296875
0 0.8171875 0.71875 0.08125 0.0640625
0 0.79765625 0.790625 0.0546875 0.05625
0 0.7390625 0.8359375 0.0328125 0.040625
0 0.7890625 0.87109375 0.015625 0.0234375
0 0.81875 0.85625 0.021875 0.040625
0 0.63125 0.984375 0.0703125 0.03125
0 0.465625 0.98046875 0.0296875 0.03515625
0 0.8625 0.9640625 0.1578125 0.071875
0 0.7546875 0.9875 0.01875 0.025
0 0.77265625 0.96484375 0.0171875 0.0234375
0 0.88046875 0.909375 0.0328125 0.03515625
0 0.98515625 0.8234375 0.0296875 0.0703125
0 0.42734375 0.9921875 0.009375 0.015625
0 0.4359375 0.965625 0.009375 0.0140625
0 0.4234375 0.9703125 0.0140625 0.0140625
0 0.53125 0.5265625 0.009375 0.0140625
0 0.16328125 0.14453125 0.0140625 0.0171875
0 0.28984375 0.0703125 0.015625 0.021875
0 0.2703125 0.05390625 0.009375 0.015625
0 0.39609375 0.1421875 0.0234375 0.0171875
0 0.7484375 0.17109375 0.009375 0.01171875