0 0.97578125 0.07890625 0.0234375 0.03125
0 0.98984375 0.2765625 0.0203125 0.040625
0 0.69453125 0.05 0.0421875 0.03515625
0 0.86953125 0.00625 0.0140625 0.01171875
0 0.35859375 0.015625 0.109375 0.03125
0 0.44375 0.03828125 0.01875 0.03125
0 0.6 0.01640625 0.0171875 0.021875
0 0.1515625 0.00390625 0.04375 0.0078125
0 0.05859375 0.00859375 0.0234375 0.0171875
0 0.025 0.0078125 0.0328125 0.015625
0 0.70859375 0.234375 0.0640625 0.0859375
0 0.8578125 0.37890625 0.13125 0.24609375
0 0.8828125 0.221875 0.0125 0.0140625
0 0.1078125 0.20625 0.203125 0.25390625
0 0.21875 0.1203125 0.0078125 0.01171875
0 0.57265625 0.51875 0.28125 0.290625
0 0.43203125 0.3234375 0.0828125 0.09375
0 0.56953125 0.325 0.18125 0.0953125
0 0.3078125 0.503125 0.2171875 0.22265625
0 0.1 0.671875 0.2 0.32421875
0 0.2359375 0.70234375 0.071875 0.18125
0 0.06796875 0.85234375 0.040625 0.0390625
0 0.0921875 0.42890625 0.184375 0.1546875
0 0.50625 0.9484375 0.0109375 0.015625