0 0.3859375 0.0140625 0.0796875 0.02734375
0 0.45234375 0.0390625 0.01875 0.02734375
0 0.61171875 0.01875 0.0140625 0.021875
0 0.70234375 0.04765625 0.046875 0.0296875
0 0.878125 0.0109375 0.009375 0.0140625
0 0.9828125 0.08671875 0.021875 0.02734375
0 0.996875 0.290625 0.00625 0.0234375
0 0.121875 0.19921875 0.2015625 0.2515625
0 0.10703125 0.66328125 0.2140625 0.39453125
0 0.31953125 0.496875 0.209375 0.228125
0 0.24921875 0.69453125 0.065625 0.165625
0 0.084375 0.4046875 0.16875 0.1171875
0 0.59453125 0.51875 0.2484375 0.30625
0 0.4421875 0.32734375 0.0765625 0.08984375
0 0.71796875 0.228125 0.0671875 0.0859375
0 0.865625 0.38203125 0.15 0.24609375
0 0.89296875 0.2265625 0.0140625 0.0171875
0 0.14296875 0.0046875 0.0109375 0.009375
0 0.034375 0.003125 0.0140625 0.00625
0 0.5125 0.94609375 0.0140625 0.021875