0 0.175 0.98046875 0.078125 0.0390625
0 0.01875 0.76953125 0.0375 0.1703125
0 0.04609375 0.4546875 0.0921875 0.3734375
0 0.1609375 0.6828125 0.1296875 0.1578125
0 0.26171875 0.6671875 0.0765625 0.1234375
0 0.08984375 0.71796875 0.0125 0.0390625
0 0.13125 0.45234375 0.0765625 0.26171875
0 0.06171875 0.0703125 0.1171875 0.11875
0 0.153125 0.0515625 0.0640625 0.0765625
0 0.2140625 0.0140625 0.0375 0.02734375
0 0.13046875 0.003125 0.00625 0.00625
0 0.2703125 0.0546875 0.0921875 0.05625
0 0.39140625 0.0515625 0.1 0.103125
0 0.44296875 0.146875 0.0671875 0.0703125
0 0.9578125 0.2515625 0.084375 0.1421875
0 0.99140625 0.12578125 0.0171875 0.04296875
0 0.97890625 0.00390625 0.025 0.0078125
0 0.803125 0.73203125 0.39375 0.5359375
0 0.5734375 0.9234375 0.065625 0.146875
0 0.47109375 0.9546875 0.0359375 0.0296875
0 0.378125 0.9765625 0.0109375 0.015625
0 0.12734375 0.96015625 0.009375 0.009375
0 0.4609375 0.371875 0.2984375 0.3515625
0 0.6375 0.23125 0.04375 0.046875
0 0.24140625 0.30859375 0.140625 0.2421875
0 0.29296875 0.4703125 0.0140625 0.0140625
0 0.17421875 0.146875 0.1 0.06640625
0 0.29453125 0.1390625 0.0484375 0.046875
0 0.10078125 0.19140625 0.0328125 0.0484375