0 0.29765625 0.89453125 0.19375 0.2109375
0 0.16328125 0.9765625 0.0765625 0.046875
0 0.178125 0.721875 0.0609375 0.0609375
0 0.06484375 0.6703125 0.0421875 0.0546875
0 0.021875 0.74140625 0.0125 0.0171875
0 0.015625 0.6375 0.0140625 0.021875
0 0.31328125 0.6296875 0.1671875 0.12109375
0 0.35078125 0.71875 0.0109375 0.0140625
0 0.78671875 0.878125 0.1515625 0.24375
0 0.70234375 0.9 0.0171875 0.02734375
0 0.8484375 0.721875 0.040625 0.05078125
0 0.94453125 0.08984375 0.0921875 0.10546875
0 0.9953125 0.18359375 0.009375 0.02734375
0 0.86015625 0.36640625 0.2203125 0.24375
0 0.8203125 0.55625 0.0875 0.13671875
0 0.9421875 0.5859375 0.115625 0.1890625
0 0.98515625 0.40234375 0.0296875 0.140625
0 0.690625 0.4265625 0.0859375 0.10546875
0 0.74765625 0.0984375 0.0828125 0.0796875
0 0.83671875 0.1328125 0.0109375 0.021875
0 0.8515625 0.1703125 0.0296875 0.0171875
0 0.54140625 0.09375 0.1625 0.1875
0 0.29296875 0.11015625 0.1890625 0.2203125
0 0.4203125 0.025 0.071875 0.05
0 0.1609375 0.00625 0.0296875 0.01171875
0 0.009375 0.0078125 0.01875 0.015625
0 0.46953125 0.28828125 0.171875 0.1734375
0 0.2625 0.31953125 0.109375 0.1578125
0 0.1640625 0.415625 0.025 0.03125
0 0.37734375 0.29609375 0.015625 0.040625
0 0.35234375 0.25703125 0.0140625 0.0171875
0 0.36953125 0.39765625 0.0328125 0.0703125
0 0.32890625 0.41875 0.025 0.08984375
0 0.29921875 0.43671875 0.0375 0.053125
0 0.28359375 0.4828125 0.0296875 0.021875
0 0.2625 0.4875 0.009375 0.01171875
0 0.0953125 0.49296875 0.0140625 0.015625
0 0.42421875 0.46796875 0.0765625 0.16015625
0 0.5671875 0.4140625 0.103125 0.07421875
0 0.5875 0.36015625 0.053125 0.02734375
0 0.5953125 0.51171875 0.071875 0.1171875
0 0.6875 0.2140625 0.009375 0.0171875
0 0.71796875 0.6328125 0.0140625 0.0234375