0 0.00703125 0.0328125 0.0140625 0.0625
0 0.3171875 0.01875 0.0328125 0.0375
0 0.6296875 0.04609375 0.1390625 0.0921875
0 0.7453125 0.05 0.0875 0.1
0 0.528125 0.04609375 0.053125 0.0921875
0 0.58203125 0.1328125 0.1234375 0.084375
0 0.6203125 0.253125 0.128125 0.1109375
0 0.47265625 0.23359375 0.1109375 0.1109375
0 0.4390625 0.09765625 0.06875 0.0703125
0 0.096875 0.19375 0.115625 0.265625
0 0.16796875 0.28515625 0.028125 0.03515625
0 0.33515625 0.4796875 0.19375 0.11875
0 0.47734375 0.47734375 0.090625 0.1390625
0 0.5421875 0.4453125 0.0375 0.0859375
0 0.31640625 0.20703125 0.1296875 0.18125
0 0.37109375 0.359375 0.090625 0.1265625
0 0.39765625 0.2703125 0.034375 0.0375
0 0.234375 0.17578125 0.021875 0.0765625
0 0.21015625 0.1921875 0.0125 0.0234375
0 0.19921875 0.1671875 0.0125 0.01171875
0 0.18359375 0.1625 0.009375 0.0171875
0 0.165625 0.14375 0.0140625 0.0140625
0 0.209375 0.6 0.065625 0.2328125
0 0.15703125 0.58125 0.0390625 0.07421875
0 0.165625 0.68828125 0.028125 0.0546875
0 0.25625 0.69375 0.028125 0.109375
0 0.23359375 0.73125 0.0140625 0.021875
0 0.29609375 0.0796875 0.009375 0.015625
0 0.396875 0.140625 0.028125 0.025
0 0.865625 0.103125 0.134375 0.1734375
0 0.7796875 0.1671875 0.03125 0.0296875
0 0.85546875 0.24921875 0.1109375 0.0859375
0 0.93671875 0.25859375 0.0328125 0.0390625
0 0.925 0.2125 0.0125 0.01171875
0 0.33125 0.61875 0.0875 0.115625
0 0.34765625 0.7921875 0.146875 0.2109375
0 0.4453125 0.7421875 0.0484375 0.0859375
0 0.5296875 0.73828125 0.0953125 0.134375
0 0.4703125 0.671875 0.025 0.04296875
0 0.57890625 0.621875 0.01875 0.0375
0 0.57265625 0.53515625 0.025 0.021875
0 0.53046875 0.525 0.009375 0.01171875
0 0.628125 0.64375 0.040625 0.046875
0 0.63125 0.69375 0.025 0.03515625
0 0.66328125 0.684375 0.0171875 0.0296875
0 0.4671875 0.98046875 0.03125 0.0390625
0 0.63125 0.984375 0.05625 0.03125
0 0.8640625 0.9609375 0.1390625 0.078125
0 0.77265625 0.96484375 0.0140625 0.021875
0 0.75703125 0.9890625 0.025 0.021875
0 0.9828125 0.8265625 0.034375 0.0609375
0 0.94140625 0.4671875 0.1171875 0.2578125
0 0.85 0.5296875 0.0671875 0.115625
0 0.9328125 0.70234375 0.09375 0.1
0 0.96171875 0.6234375 0.0640625 0.05625
0 0.759375 0.5625 0.0703125 0.06875
0 0.78984375 0.653125 0.1015625 0.0609375
0 0.71015625 0.62421875 0.0609375 0.040625
0 0.7328125 0.7078125 0.0484375 0.040625
0 0.8171875 0.7234375 0.078125 0.07421875
0 0.79609375 0.79375 0.053125 0.0296875
0 0.81953125 0.85546875 0.0171875 0.0328125
0 0.7921875 0.87421875 0.015625 0.0171875
0 0.74296875 0.8359375 0.034375 0.0484375
0 0.69375 0.53203125 0.0171875 0.0234375
0 0.64765625 0.50625 0.009375 0.015625
0 0.42734375 0.9921875 0.0140625 0.01171875
0 0.88046875 0.90703125 0.0234375 0.03125
0 0.2078125 0.44375 0.0453125 0.046875
0 0.28671875 0.34375 0.0140625 0.01171875
0 0.7515625 0.171875 0.009375 0.0140625