0 0.059375 0.1 0.11875 0.19921875
0 0.1296875 0.17265625 0.021875 0.0390625
0 0.26796875 0.08671875 0.2328125 0.1734375
0 0.91875 0.03828125 0.1625 0.0765625
0 0.93046875 0.14765625 0.1390625 0.10546875
0 0.98203125 0.3015625 0.0359375 0.05625
0 0.9453125 0.46796875 0.109375 0.1421875
0 0.825 0.50703125 0.0796875 0.08984375
0 0.6296875 0.01953125 0.134375 0.0390625
0 0.6609375 0.11875 0.1578125 0.1640625
0 0.49140625 0.1125 0.134375 0.1265625
0 0.40703125 0.0109375 0.025 0.021875
0 0.35078125 0.240625 0.153125 0.134375
0 0.4015625 0.1453125 0.0359375 0.05625
0 0.26484375 0.228125 0.0140625 0.0171875
0 0.40546875 0.390625 0.3640625 0.1703125
0 0.1515625 0.54609375 0.15625 0.31875
0 0.1671875 0.3421875 0.053125 0.05078125
0 0.21328125 0.3765625 0.021875 0.0171875
0 0.3125 0.55625 0.1203125 0.134375
0 0.35625 0.76171875 0.240625 0.25625
0 0.55078125 0.70703125 0.1375 0.1484375
0 0.47421875 0.61640625 0.0375 0.03125
0 0.60625 0.5640625 0.0328125 0.0546875
0 0.67578125 0.63359375 0.0875 0.13125
0 0.9328125 0.96796875 0.134375 0.0640625
0 0.440625 0.984375 0.0828125 0.03125
0 0.96015625 0.91015625 0.04375 0.04296875
0 0.9875 0.66875 0.025 0.05625
0 0.87578125 0.690625 0.0921875 0.228125
0 0.93515625 0.65625 0.0296875 0.04296875
0 0.8 0.83125 0.040625 0.05625
0 0.87734375 0.8625 0.0515625 0.040625
0 0.8375 0.9875 0.0234375 0.025
0 0.7890625 0.6765625 0.0625 0.0703125
0 0.78046875 0.58984375 0.096875 0.07421875
0 0.74921875 0.46484375 0.0265625 0.021875
0 0.6015625 0.46484375 0.025 0.021875
0 0.69296875 0.5515625 0.015625 0.021875
0 0.88359375 0.56171875 0.015625 0.015625
0 0.9953125 0.81640625 0.009375 0.0140625
0 0.65078125 0.9921875 0.0328125 0.015625
0 0.828125 0.0453125 0.0171875 0.01171875