0 0.20078125 0.9796875 0.084375 0.040625
0 0.028125 0.7640625 0.05625 0.171875
0 0.5046875 0.9578125 0.015625 0.015625
0 0.40234375 0.97734375 0.0125 0.015625
0 0.79609375 0.97578125 0.1578125 0.0484375
0 0.609375 0.93125 0.096875 0.13671875
0 0.86015625 0.6203125 0.2796875 0.3109375
0 0.678125 0.53984375 0.0765625 0.1328125
0 0.6921875 0.796875 0.059375 0.19140625
0 0.76875 0.825 0.0921875 0.09765625
0 0.67734375 0.93125 0.0125 0.0078125
0 0.72109375 0.934375 0.0109375 0.015625
0 0.946875 0.8796875 0.10625 0.2125
0 0.97265625 0.26484375 0.0546875 0.134375
0 0.66875 0.23515625 0.0484375 0.0375
0 0.42421875 0.05 0.1140625 0.1
0 0.46953125 0.1453125 0.0671875 0.06875
0 0.29765625 0.05546875 0.0796875 0.053125
0 0.3109375 0.00390625 0.0140625 0.0078125
0 0.36015625 0.00625 0.0125 0.01171875
0 0.10625 0.0625 0.2125 0.125
0 0.2453125 0.0140625 0.03125 0.025
0 0.21328125 0.1453125 0.090625 0.05625
0 0.1265625 0.190625 0.0265625 0.046875
0 0.159375 0.15546875 0.0171875 0.015625
0 0.059375 0.475 0.11875 0.31875
0 0.23125 0.68125 0.2375 0.1578125
0 0.153125 0.4578125 0.0671875 0.2328125
0 0.034375 0.2875 0.06875 0.05625
0 0.25390625 0.3671875 0.1328125 0.12890625
0 0.2609375 0.259375 0.0921875 0.08203125
0 0.31328125 0.1984375 0.0671875 0.0375
0 0.32890625 0.2328125 0.028125 0.01171875
0 0.334375 0.134375 0.0296875 0.02734375
0 0.49140625 0.36875 0.30625 0.2890625
0 0.3328125 0.38203125 0.009375 0.01171875
0 0.4453125 0.52265625 0.0078125 0.009375
0 0.3546875 0.6296875 0.00625 0.01171875
0 0.3046875 0.1546875 0.0078125 0.0078125
0 0.32109375 0.471875 0.009375 0.015625