0 0.8125 0.94609375 0.228125 0.1078125
0 0.89921875 0.71015625 0.2015625 0.3140625
0 0.75625 0.8 0.090625 0.1265625
0 0.68359375 0.790625 0.0546875 0.046875
0 0.39296875 0.840625 0.234375 0.2171875
0 0.05546875 0.9546875 0.1109375 0.08984375
0 0.19140625 0.7171875 0.16875 0.11328125
0 0.0453125 0.653125 0.090625 0.321875
0 0.55859375 0.50703125 0.471875 0.4203125
0 0.2125 0.5578125 0.121875 0.0859375
0 0.678125 0.10859375 0.384375 0.1390625
0 0.86328125 0.234375 0.234375 0.12109375
0 0.8515625 0.38125 0.078125 0.0703125
0 0.89921875 0.51953125 0.0953125 0.071875
0 0.95390625 0.4609375 0.0515625 0.04296875
0 0.9765625 0.3421875 0.046875 0.0390625
0 0.16953125 0.425 0.053125 0.115625
0 0.10234375 0.4578125 0.028125 0.05078125
0 0.1875 0.33203125 0.071875 0.06875
0 0.43359375 0.16015625 0.096875 0.2265625
0 0.57265625 0.01875 0.0296875 0.0375
0 0.5359375 0.01953125 0.0328125 0.0390625
0 0.390625 0.0109375 0.028125 0.021875
0 0.46171875 0.0109375 0.0234375 0.021875
0 0.1828125 0.14375 0.35625 0.1890625
0 0.02109375 0.26953125 0.0421875 0.05078125
0 0.08984375 0.259375 0.0609375 0.05078125
0 0.0890625 0.3359375 0.021875 0.02734375
0 0.1296875 0.03046875 0.0421875 0.0296875
0 0.00625 0.01171875 0.0125 0.0234375