0 0.9796875 0.521875 0.040625 0.0921875
0 0.9953125 0.79296875 0.009375 0.04296875
0 0.97578125 0.3484375 0.0484375 0.0703125
0 0.92734375 0.340625 0.0296875 0.0453125
0 0.98984375 0.24296875 0.0203125 0.0765625
0 0.91796875 0.16015625 0.025 0.03125
0 0.1390625 0.0578125 0.2515625 0.115625
0 0.390625 0.07734375 0.228125 0.1546875
0 0.575 0.04296875 0.1390625 0.0859375
0 0.58515625 0.125 0.0171875 0.021875
0 0.66640625 0.1453125 0.0453125 0.03125
0 0.8234375 0.10078125 0.015625 0.0171875
0 0.809375 0.43125 0.1171875 0.2171875
0 0.559375 0.528125 0.28125 0.35
0 0.68828125 0.3046875 0.040625 0.07421875
0 0.1640625 0.6453125 0.2984375 0.44375
0 0.36640625 0.5515625 0.1078125 0.19375
0 0.0078125 0.38671875 0.015625 0.1078125
0 0.159375 0.2921875 0.1859375 0.22265625