0 0.86328125 0.37421875 0.1578125 0.24375
0 0.99140625 0.265625 0.0171875 0.040625
0 0.9953125 0.47578125 0.009375 0.0140625
0 0.97734375 0.075 0.025 0.025
0 0.71171875 0.2265625 0.0625 0.0859375
0 0.69609375 0.0421875 0.040625 0.03125
0 0.60078125 0.0125 0.0140625 0.0234375
0 0.88515625 0.21796875 0.0140625 0.0171875
0 0.3578125 0.0125 0.1171875 0.025
0 0.4421875 0.03515625 0.021875 0.0390625
0 0.14921875 0.00390625 0.0484375 0.0078125
0 0.05703125 0.009375 0.0265625 0.01875
0 0.01953125 0.00703125 0.0203125 0.0140625
0 0.6 0.48125 0.2609375 0.39453125
0 0.42890625 0.32109375 0.078125 0.09375
0 0.10859375 0.20703125 0.2125 0.25625
0 0.22109375 0.11875 0.0078125 0.015625
0 0.3140625 0.49609375 0.2140625 0.2265625
0 0.1046875 0.6703125 0.209375 0.3140625
0 0.240625 0.70390625 0.0625 0.19140625
0 0.075 0.8515625 0.0484375 0.04296875
0 0.09296875 0.43125 0.1859375 0.1625
0 0.5109375 0.94609375 0.0140625 0.0171875