0 0.028125 0.590625 0.0171875 0.015625
0 0.075 0.515625 0.025 0.0375
0 0.05546875 0.540625 0.009375 0.015625
0 0.1828125 0.5625 0.0609375 0.0546875
0 0.0046875 0.74140625 0.009375 0.03515625
0 0.3078125 0.0296875 0.109375 0.05859375
0 0.5578125 0.0171875 0.05 0.034375
0 0.86015625 0.0171875 0.0265625 0.02734375
0 0.69609375 0.0546875 0.0140625 0.0140625
0 0.4859375 0.1375 0.1703125 0.1875
0 0.26484375 0.16015625 0.1078125 0.1578125
0 0.33671875 0.06328125 0.0140625 0.0078125
0 0.384375 0.14140625 0.0296875 0.05078125
0 0.36015625 0.1015625 0.0171875 0.01171875
0 0.31953125 0.26953125 0.0625 0.0609375
0 0.3328125 0.2265625 0.025 0.0234375
0 0.37734375 0.23125 0.040625 0.0640625
0 0.43203125 0.29609375 0.0671875 0.134375
0 0.390625 0.3234375 0.0171875 0.03125
0 0.28203125 0.3265625 0.040625 0.02734375
0 0.16328125 0.271875 0.0140625 0.02734375
0 0.85859375 0.21015625 0.196875 0.2359375
0 0.828125 0.403125 0.0828125 0.15625
0 0.94609375 0.4328125 0.1078125 0.20703125
0 0.97734375 0.2578125 0.0453125 0.1421875
0 0.69609375 0.2703125 0.0828125 0.109375
0 0.31640625 0.47265625 0.159375 0.125
0 0.23046875 0.409375 0.009375 0.015625
0 0.0984375 0.3375 0.0125 0.015625
0 0.1765625 0.25390625 0.009375 0.01953125
0 0.5640625 0.2578125 0.0859375 0.053125
0 0.6 0.2125 0.05625 0.04296875
0 0.596875 0.35234375 0.078125 0.1171875
0 0.85859375 0.571875 0.0375 0.05078125
0 0.778125 0.73359375 0.165625 0.2671875
0 0.53046875 0.9265625 0.0140625 0.0171875
0 0.27734375 0.7359375 0.2875 0.29296875
0 0.23828125 0.94296875 0.1546875 0.1140625
0 0.353125 0.565625 0.0125 0.0140625
0 0.40390625 0.3875 0.0140625 0.0171875
0 0.02265625 0.48515625 0.0109375 0.0171875