0 0.14375 0.015625 0.0140625 0.0171875
0 0.30390625 0.0328125 0.11875 0.0625
0 0.0203125 0.48828125 0.0078125 0.01171875
0 0.028125 0.59296875 0.0140625 0.0078125
0 0.0203125 0.4875 0.0140625 0.021875
0 0.028125 0.58984375 0.015625 0.01171875
0 0.06796875 0.515625 0.040625 0.0625
0 0.09609375 0.340625 0.0140625 0.015625
0 0.16171875 0.2671875 0.0140625 0.021875
0 0.2640625 0.1609375 0.1109375 0.1640625
0 0.55703125 0.01875 0.0609375 0.0375
0 0.6921875 0.05546875 0.0125 0.021875
0 0.8671875 0.015625 0.0109375 0.021875
0 0.23828125 0.93828125 0.153125 0.1234375
0 0.16953125 0.8359375 0.0671875 0.0765625
0 0.30390625 0.7453125 0.2046875 0.24609375
0 0.190625 0.5671875 0.0875 0.0765625
0 0.3125 0.47265625 0.1625 0.11875
0 0.22421875 0.4078125 0.015625 0.015625
0 0.40078125 0.38671875 0.0109375 0.01171875
0 0.47265625 0.13203125 0.1859375 0.1875
0 0.35234375 0.1015625 0.0140625 0.02734375
0 0.6953125 0.2703125 0.0796875 0.1109375
0 0.55703125 0.2578125 0.078125 0.0625
0 0.8734375 0.215625 0.253125 0.24375
0 0.8203125 0.40625 0.0921875 0.1328125
0 0.9453125 0.43671875 0.109375 0.1890625
0 0.72265625 0.47578125 0.0171875 0.03125
0 0.52890625 0.92890625 0.0140625 0.015625
0 0.77734375 0.73515625 0.159375 0.271875
0 0.85078125 0.565625 0.0421875 0.05625
0 0.28046875 0.32734375 0.040625 0.0296875
0 0.00390625 0.7421875 0.0078125 0.02734375
0 0.31484375 0.2734375 0.05625 0.05625
0 0.33125 0.228125 0.025 0.0375
0 0.36640625 0.2328125 0.0265625 0.0703125
0 0.42578125 0.29765625 0.071875 0.12109375
0 0.60078125 0.353125 0.0703125 0.11875
0 0.64375 0.29765625 0.015625 0.040625
0 0.6109375 0.2265625 0.028125 0.0375
0 0.5890625 0.20234375 0.0171875 0.01953125
0 0.00546875 0.9859375 0.0109375 0.01171875
0 0.35234375 0.5640625 0.0140625 0.0171875