0 0.04453125 0.00625 0.025 0.01171875
0 0.66640625 0.0484375 0.2234375 0.096875
0 0.51953125 0.0484375 0.0359375 0.096875
0 0.57734375 0.13203125 0.1265625 0.06875
0 0.54609375 0.05 0.0109375 0.01953125
0 0.3078125 0.021875 0.0359375 0.04296875
0 0.434375 0.09765625 0.0671875 0.0765625
0 0.08828125 0.2359375 0.1109375 0.171875
0 0.10390625 0.1078125 0.0796875 0.0859375
0 0.0109375 0.07109375 0.0109375 0.015625
0 0.04921875 0.11796875 0.0109375 0.01171875
0 0.30546875 0.2109375 0.1375 0.1875
0 0.2296875 0.17109375 0.0140625 0.05625
0 0.2046875 0.1953125 0.0171875 0.025
0 0.22578125 0.21015625 0.0125 0.009375
0 0.1921875 0.17265625 0.0125 0.015625
0 0.15859375 0.1484375 0.009375 0.01171875
0 0.17890625 0.1671875 0.0125 0.01171875
0 0.1625 0.2921875 0.0203125 0.02734375
0 0.36640625 0.36328125 0.084375 0.11328125
0 0.39140625 0.2765625 0.0375 0.05625
0 0.47109375 0.23515625 0.1109375 0.109375
0 0.61640625 0.253125 0.13125 0.11328125
0 0.6078125 0.18125 0.0140625 0.02734375
0 0.6234375 0.16875 0.009375 0.01171875
0 0.39296875 0.14765625 0.021875 0.021875
0 0.284375 0.07734375 0.0171875 0.025
0 0.85390625 0.10078125 0.121875 0.16796875
0 0.778125 0.1609375 0.028125 0.02734375
0 0.7453125 0.16875 0.009375 0.0140625
0 0.84609375 0.24296875 0.11875 0.08984375
0 0.93203125 0.25078125 0.028125 0.0453125
0 0.9203125 0.2046875 0.009375 0.015625
0 0.95625 0.45234375 0.0875 0.2421875
0 0.865625 0.5203125 0.0984375 0.1328125
0 0.89140625 0.371875 0.0375 0.0390625
0 0.9328125 0.696875 0.09375 0.0875
0 0.96328125 0.61328125 0.059375 0.0765625
0 0.984375 0.8171875 0.03125 0.0609375
0 0.75703125 0.5609375 0.0765625 0.06875
0 0.34453125 0.4859375 0.1828125 0.11875
0 0.471875 0.47734375 0.075 0.14453125
0 0.53125 0.4625 0.04375 0.0765625
0 0.52890625 0.4109375 0.0203125 0.025
0 0.6953125 0.5296875 0.0171875 0.021875
0 0.2046875 0.446875 0.0453125 0.04296875
0 0.24140625 0.47734375 0.0171875 0.021875
0 0.20234375 0.60859375 0.0828125 0.234375
0 0.15078125 0.590625 0.0265625 0.084375
0 0.15546875 0.684375 0.009375 0.05078125
0 0.253125 0.684375 0.0203125 0.08203125
0 0.24140625 0.740625 0.03125 0.0296875
0 0.33125 0.63203125 0.0921875 0.125
0 0.34921875 0.79765625 0.14375 0.2109375
0 0.44375 0.7453125 0.05 0.08984375
0 0.53671875 0.73515625 0.1109375 0.1328125
0 0.4703125 0.67265625 0.0265625 0.0375
0 0.57734375 0.61640625 0.025 0.03515625
0 0.62578125 0.64765625 0.040625 0.05625
0 0.6453125 0.70234375 0.05625 0.0546875
0 0.56640625 0.5375 0.028125 0.025
0 0.5296875 0.5234375 0.009375 0.01171875
0 0.646875 0.5015625 0.0140625 0.0171875
0 0.8015625 0.6515625 0.0921875 0.0609375
0 0.82265625 0.7203125 0.078125 0.078125
0 0.73125 0.709375 0.0515625 0.05859375
0 0.72109375 0.625 0.0640625 0.0390625
0 0.746875 0.65703125 0.01875 0.025
0 0.79609375 0.7875 0.059375 0.04296875
0 0.746875 0.83671875 0.0453125 0.046875
0 0.79296875 0.86640625 0.015625 0.025
0 0.81875 0.85078125 0.021875 0.03125
0 0.63515625 0.9859375 0.0609375 0.02734375
0 0.46484375 0.984375 0.0359375 0.03125
0 0.43046875 0.9953125 0.0125 0.009375
0 0.86796875 0.96171875 0.1484375 0.0765625
0 0.775 0.9625 0.0171875 0.021875
0 0.759375 0.98828125 0.025 0.0234375
0 0.87890625 0.9046875 0.03125 0.03515625
0 0.7609375 0.1609375 0.0125 0.01171875
0 0.2671875 0.0546875 0.0109375 0.01171875
0 0.421875 0.9734375 0.009375 0.01171875