0 0.171875 0.875 0.053125 0.0546875
0 0.0609375 0.8234375 0.03125 0.03515625
0 0.0171875 0.8953125 0.0171875 0.0140625
0 0.0109375 0.78984375 0.0078125 0.01171875
0 0.3125 0.7859375 0.1765625 0.1171875
0 0.34609375 0.88203125 0.0125 0.01171875
0 0.334375 0.98515625 0.059375 0.0296875
0 0.78828125 0.9546875 0.0875 0.08984375
0 0.85546875 0.87890625 0.03125 0.05078125
0 0.05 0.08203125 0.1 0.1640625
0 0.296875 0.0921875 0.30625 0.18359375
0 0.5390625 0.215625 0.1765625 0.2796875
0 0.49375 0.03828125 0.065625 0.0765625
0 0.78203125 0.046875 0.1359375 0.09375
0 0.98125 0.0453125 0.0375 0.08984375
0 0.9375 0.025 0.009375 0.015625
0 0.74140625 0.2609375 0.0828125 0.08203125
0 0.31875 0.28515625 0.16875 0.20703125
0 0.2625 0.4828125 0.103125 0.1578125
0 0.68984375 0.58671875 0.084375 0.109375
0 0.684375 0.371875 0.0171875 0.0140625
0 0.9390625 0.2453125 0.0921875 0.115625
0 0.99296875 0.3359375 0.0140625 0.025
0 0.884375 0.0859375 0.0140625 0.021875
0 0.88125 0.12578125 0.0125 0.0140625
0 0.83359375 0.290625 0.009375 0.0171875
0 0.8484375 0.3234375 0.0203125 0.025
0 0.45390625 0.446875 0.18125 0.171875
0 0.35234375 0.41796875 0.009375 0.015625
0 0.415625 0.62421875 0.0796875 0.1328125
0 0.36640625 0.55546875 0.0375 0.0640625
0 0.309375 0.57734375 0.05625 0.08984375
0 0.27265625 0.64453125 0.0484375 0.0296875
0 0.15625 0.5796875 0.009375 0.0171875
0 0.2203125 0.71953125 0.0125 0.0171875
0 0.17109375 0.5671875 0.0078125 0.0140625
0 0.0921875 0.64765625 0.0109375 0.01171875
0 0.53359375 0.559375 0.040625 0.0640625
0 0.57578125 0.5890625 0.040625 0.03125
0 0.60234375 0.54296875 0.0328125 0.0328125
0 0.58125 0.515625 0.0140625 0.01953125
0 0.5703125 0.53203125 0.0140625 0.01953125
0 0.6 0.67109375 0.06875 0.115625
0 0.878125 0.52265625 0.24375 0.26171875
0 0.94296875 0.74296875 0.1140625 0.1734375
0 0.82265625 0.7234375 0.084375 0.1390625
0 0.72109375 0.78984375 0.0203125 0.03125