0 0.04140625 0.0078125 0.0265625 0.015625
0 0.30546875 0.0203125 0.040625 0.040625
0 0.66328125 0.04765625 0.225 0.0953125
0 0.5203125 0.04765625 0.046875 0.0953125
0 0.578125 0.1375 0.1296875 0.084375
0 0.43515625 0.1015625 0.0640625 0.071875
0 0.3921875 0.14375 0.025 0.0140625
0 0.8515625 0.0984375 0.125 0.171875
0 0.778125 0.1625 0.025 0.02734375
0 0.85078125 0.24296875 0.1078125 0.084375
0 0.93046875 0.2515625 0.0296875 0.0453125
0 0.91875 0.20390625 0.0140625 0.015625
0 0.61875 0.2515625 0.1234375 0.11328125
0 0.46796875 0.2359375 0.1140625 0.1109375
0 0.084375 0.240625 0.11875 0.171875
0 0.11796875 0.1140625 0.05625 0.0765625
0 0.0734375 0.0921875 0.0265625 0.0484375
0 0.0484375 0.1203125 0.0125 0.01171875
0 0.29765625 0.209375 0.1265625 0.18125
0 0.36796875 0.3640625 0.0890625 0.1234375
0 0.22421875 0.18125 0.0140625 0.07421875
0 0.38515625 0.26953125 0.040625 0.053125
0 0.15625 0.29765625 0.0234375 0.02734375
0 0.20234375 0.19609375 0.0140625 0.03125
0 0.18984375 0.17109375 0.0078125 0.0171875
0 0.17578125 0.171875 0.0125 0.021875
0 0.15546875 0.14765625 0.009375 0.015625
0 0.35859375 0.484375 0.20625 0.11875
0 0.4828125 0.453125 0.04375 0.09375
0 0.5265625 0.471875 0.0484375 0.06875
0 0.5359375 0.41796875 0.0265625 0.03515625
0 0.51015625 0.4 0.0078125 0.01171875
0 0.203125 0.4453125 0.046875 0.0484375
0 0.24453125 0.47734375 0.01875 0.015625
0 0.2 0.60546875 0.0609375 0.2265625
0 0.1515625 0.58671875 0.0375 0.0765625
0 0.1578125 0.6875 0.01875 0.0453125
0 0.24296875 0.6984375 0.0359375 0.109375
0 0.32734375 0.62578125 0.0828125 0.109375
0 0.3546875 0.7953125 0.15 0.22265625
0 0.44765625 0.746875 0.0390625 0.084375
0 0.53125 0.73828125 0.09375 0.1328125
0 0.46640625 0.671875 0.034375 0.0453125
0 0.575 0.621875 0.025 0.040625
0 0.56953125 0.5328125 0.0171875 0.015625
0 0.5265625 0.5265625 0.009375 0.0140625
0 0.6421875 0.50078125 0.00625 0.01171875
0 0.953125 0.44609375 0.09375 0.240625
0 0.89140625 0.37421875 0.0265625 0.03515625
0 0.86171875 0.521875 0.090625 0.1171875
0 0.75703125 0.55546875 0.071875 0.071875
0 0.6921875 0.53203125 0.01875 0.021875
0 0.934375 0.690625 0.090625 0.1015625
0 0.9625 0.6046875 0.0609375 0.0703125
0 0.79609375 0.653125 0.0921875 0.0625
0 0.72890625 0.63125 0.04375 0.0546875
0 0.62734375 0.6453125 0.04375 0.046875
0 0.62734375 0.690625 0.025 0.046875
0 0.65859375 0.678125 0.0140625 0.03515625
0 0.69765625 0.628125 0.0125 0.0171875
0 0.73046875 0.71015625 0.046875 0.0546875
0 0.8203125 0.71875 0.075 0.0703125
0 0.8640625 0.6796875 0.0140625 0.0171875
0 0.74375 0.834375 0.0359375 0.0546875
0 0.64609375 0.60625 0.009375 0.01171875
0 0.46328125 0.98203125 0.0359375 0.0359375
0 0.4296875 0.99296875 0.0078125 0.01171875
0 0.4203125 0.975 0.0109375 0.01171875
0 0.63359375 0.98203125 0.0515625 0.0359375
0 0.8671875 0.96015625 0.153125 0.0796875
0 0.88515625 0.9 0.021875 0.03125
0 0.98203125 0.8171875 0.0359375 0.0640625
0 0.796875 0.790625 0.0546875 0.0390625
0 0.8046875 0.75859375 0.009375 0.0078125
0 0.79375 0.86640625 0.0140625 0.0171875
0 0.81875 0.85 0.025 0.0390625
0 0.7546875 0.984375 0.0171875 0.021875
0 0.7734375 0.96171875 0.0171875 0.021875
0 0.28125 0.35 0.009375 0.015625
0 0.74375 0.165625 0.0109375 0.015625
0 0.79140625 0.24375 0.0078125 0.015625