0 0.0359375 0.83515625 0.071875 0.1
0 0.028125 0.665625 0.05625 0.084375
0 0.184375 0.921875 0.196875 0.15625
0 0.32265625 0.9890625 0.0171875 0.021875
0 0.63515625 0.9640625 0.2046875 0.071875
0 0.98359375 0.20234375 0.0328125 0.04296875
0 0.9609375 0.10078125 0.0359375 0.015625
0 0.8390625 0.10078125 0.0125 0.015625
0 0.015625 0.259375 0.03125 0.0875
0 0.00625 0.18671875 0.0125 0.0234375
0 0.06171875 0.16015625 0.0671875 0.1
0 0.08359375 0.2421875 0.0484375 0.040625
0 0.03828125 0.2421875 0.0125 0.01953125
0 0.47734375 0.62421875 0.215625 0.2109375
0 0.684375 0.7390625 0.190625 0.31640625
0 0.565625 0.8359375 0.04375 0.08984375
0 0.5046875 0.846875 0.0765625 0.040625
0 0.4484375 0.828125 0.0359375 0.0234375
0 0.71171875 0.91875 0.0125 0.01171875
0 0.89609375 0.5625 0.1 0.0875
0 0.91328125 0.61796875 0.0125 0.0140625
0 0.91875 0.4515625 0.06875 0.05078125
0 0.22734375 0.596875 0.2203125 0.4375
0 0.35625 0.42578125 0.040625 0.07421875
0 0.39296875 0.428125 0.0296875 0.015625
0 0.35234375 0.6390625 0.034375 0.115625
0 0.6203125 0.39453125 0.0875 0.078125
0 0.6703125 0.515625 0.1109375 0.0765625
0 0.73359375 0.45 0.040625 0.0453125
0 0.70390625 0.4578125 0.009375 0.0140625
0 0.79609375 0.34296875 0.059375 0.0625
0 0.890625 0.3890625 0.03125 0.0609375
0 0.9265625 0.3625 0.04375 0.046875
0 0.790625 0.95625 0.01875 0.02734375
0 0.50703125 0.98828125 0.015625 0.01171875
0 0.540625 0.38359375 0.059375 0.03125
0 0.159375 0.3078125 0.0453125 0.05078125
0 0.1859375 0.35859375 0.009375 0.0140625
0 0.33828125 0.365625 0.0078125 0.01171875
0 0.6140625 0.24375 0.2265625 0.12890625
0 0.76484375 0.2671875 0.028125 0.0296875
0 0.721875 0.32734375 0.0140625 0.01171875
0 0.74765625 0.3359375 0.025 0.021875
0 0.82265625 0.290625 0.0078125 0.01171875
0 0.61875 0.08984375 0.0765625 0.06640625
0 0.5 0.1328125 0.0984375 0.0953125
0 0.559375 0.1234375 0.0140625 0.0140625
0 0.36640625 0.2078125 0.046875 0.02734375
0 0.41640625 0.1984375 0.0265625 0.0171875
0 0.43671875 0.0984375 0.028125 0.046875
0 0.45703125 0.07890625 0.0078125 0.0078125
0 0.85859375 0.28515625 0.015625 0.021875
0 0.2921875 0.03828125 0.084375 0.0765625
0 0.36640625 0.09765625 0.0125 0.015625
0 0.4046875 0.1078125 0.0234375 0.0296875
0 0.384375 0.10234375 0.009375 0.01171875
0 0.4375 0.14765625 0.0078125 0.01171875
0 0.2578125 0.284375 0.0140625 0.015625
0 0.1484375 0.259375 0.025 0.025
0 0.11796875 0.22734375 0.0125 0.015625
0 0.1265625 0.06328125 0.025 0.025
0 0.29375 0.1328125 0.1125 0.11328125
0 0.36171875 0.1515625 0.009375 0.0171875
0 0.19609375 0.13359375 0.0796875 0.084375
0 0.2 0.0578125 0.0171875 0.025
0 0.16953125 0.0453125 0.0296875 0.025
0 0.16640625 0.21171875 0.0203125 0.0234375
0 0.178125 0.24140625 0.0109375 0.0140625
0 0.2140625 0.1859375 0.0078125 0.015625
0 0.2375 0.2484375 0.0171875 0.01171875
0 0.28359375 0.19609375 0.0125 0.0171875
0 0.10703125 0.00625 0.009375 0.01171875
0 0.14609375 0.1375 0.01875 0.015625
0 0.34765625 0.24296875 0.021875 0.0140625
0 0.2140625 0.2203125 0.0125 0.0171875
0 0.3140625 0.328125 0.0125 0.02734375