0 0.03359375 0.059375 0.0671875 0.11875
0 0.08359375 0.0921875 0.0265625 0.0375
0 0.284375 0.0546875 0.2328125 0.109375
0 0.34296875 0.1796875 0.1328125 0.1390625
0 0.4796875 0.04609375 0.1421875 0.0921875
0 0.67421875 0.0640625 0.1765625 0.128125
0 0.9484375 0.07109375 0.103125 0.103125
0 0.9609375 0.4265625 0.078125 0.1625
0 0.09921875 0.50859375 0.1546875 0.35
0 0.3859375 0.328125 0.4203125 0.1640625
0 0.12421875 0.2828125 0.0546875 0.0609375
0 0.165625 0.321875 0.0140625 0.0171875
0 0.27734375 0.521875 0.1265625 0.1578125
0 0.3328125 0.75625 0.278125 0.3140625
0 0.55625 0.6890625 0.165625 0.19140625
0 0.4578125 0.5796875 0.046875 0.03125
0 0.6109375 0.5234375 0.0375 0.0453125
0 0.69296875 0.6078125 0.084375 0.140625
0 0.82890625 0.8359375 0.053125 0.0484375
0 0.915625 0.8796875 0.0640625 0.06640625
0 0.95 0.97421875 0.1 0.0515625
0 0.9921875 0.9234375 0.015625 0.02734375
0 0.93515625 0.9359375 0.025 0.0171875
0 0.91796875 0.67265625 0.0953125 0.2515625
0 0.98359375 0.6453125 0.0328125 0.0484375
0 0.81171875 0.565625 0.1234375 0.09765625
0 0.81640625 0.6578125 0.0703125 0.078125
0 0.8546875 0.46171875 0.090625 0.0953125
0 0.7703125 0.4140625 0.0265625 0.02734375
0 0.70546875 0.37578125 0.0140625 0.01171875
0 0.6046875 0.41796875 0.021875 0.0296875
0 0.23046875 0.15625 0.021875 0.0171875
0 0.40234375 0.996875 0.0171875 0.00625
0 0.92265625 0.5234375 0.009375 0.01171875
0 0.7671875 0.6578125 0.009375 0.01171875
0 0.459375 0.4171875 0.01875 0.0171875