0 0.065625 0.30078125 0.053125 0.02734375
0 0.0515625 0.553125 0.1015625 0.165625
0 0.95234375 0.0484375 0.0953125 0.096875
0 0.92265625 0.14765625 0.1109375 0.0921875
0 0.98984375 0.1734375 0.0203125 0.01953125
0 0.92890625 0.271875 0.0625 0.0546875
0 0.99453125 0.3625 0.0109375 0.03515625
0 0.9609375 0.5203125 0.078125 0.1421875
0 0.7671875 0.49921875 0.1453125 0.1734375
0 0.73359375 0.75703125 0.0796875 0.0859375
0 0.9375 0.7265625 0.090625 0.115625
0 0.99296875 0.81171875 0.0140625 0.03515625
0 0.85703125 0.93828125 0.19375 0.1234375
0 0.6828125 0.8703125 0.0140625 0.0140625
0 0.8421875 0.01640625 0.125 0.0328125
0 0.8625 0.0640625 0.0390625 0.040625
0 0.5484375 0.0859375 0.3765625 0.16796875
0 0.784375 0.07734375 0.0109375 0.0140625
0 0.425 0.209375 0.1359375 0.07421875
0 0.3390625 0.17265625 0.0359375 0.08984375
0 0.2515625 0.9484375 0.115625 0.103125
0 0.4546875 0.93125 0.18125 0.13671875
0 0.3484375 0.92109375 0.0125 0.015625
0 0.34921875 0.54609375 0.4078125 0.2265625
0 0.44921875 0.42578125 0.0125 0.015625
0 0.31015625 0.775 0.178125 0.23046875
0 0.53828125 0.759375 0.159375 0.196875
0 0.42890625 0.6734375 0.059375 0.0296875
0 0.87421875 0.56953125 0.0171875 0.0140625