0 0.79609375 0.9453125 0.2046875 0.109375
0 0.03203125 0.95625 0.0640625 0.0875
0 0.08671875 0.9671875 0.0296875 0.0609375
0 0.03984375 0.6453125 0.0796875 0.31640625
0 0.18203125 0.7171875 0.1703125 0.1
0 0.23125 0.54375 0.0609375 0.06640625
0 0.159375 0.57109375 0.034375 0.03515625
0 0.1921875 0.540625 0.0125 0.0171875
0 0.36328125 0.8375 0.1859375 0.19375
0 0.48125 0.9109375 0.0421875 0.0453125
0 0.121875 0.028125 0.03125 0.021875
0 0.85234375 0.2421875 0.2265625 0.115625
0 0.975 0.33515625 0.05 0.025
0 0.8484375 0.3765625 0.0828125 0.08203125
0 0.9546875 0.4484375 0.0375 0.0296875
0 0.8921875 0.50859375 0.0953125 0.071875
0 0.890625 0.7234375 0.21875 0.2796875
0 0.753125 0.80078125 0.0484375 0.1
0 0.68984375 0.7921875 0.071875 0.040625
0 0.178125 0.32109375 0.05625 0.0609375
0 0.1640625 0.4046875 0.0484375 0.07421875
0 0.14375 0.46484375 0.0171875 0.0140625
0 0.54453125 0.5203125 0.4546875 0.3984375
0 0.78046875 0.35625 0.0171875 0.0296875
0 0.75703125 0.11640625 0.0640625 0.0921875
0 0.84921875 0.1 0.025 0.03515625
0 0.80625 0.10625 0.009375 0.015625
0 0.771875 0.1734375 0.0125 0.01171875
0 0.0140625 0.26484375 0.028125 0.05078125
0 0.0875 0.25 0.065625 0.06875
0 0.0125 0.0796875 0.025 0.0234375
0 0.09375 0.140625 0.0359375 0.046875
0 0.03203125 0.15625 0.009375 0.0171875
0 0.0875 0.1890625 0.059375 0.0375
0 0.15078125 0.1078125 0.0765625 0.0859375
0 0.240625 0.17578125 0.05625 0.0765625
0 0.15546875 0.19140625 0.0234375 0.02734375
0 0.18203125 0.2234375 0.0296875 0.0296875
0 0.31171875 0.1015625 0.05625 0.0609375
0 0.328125 0.1703125 0.0578125 0.0375
0 0.28359375 0.1609375 0.0140625 0.0171875
0 0.24921875 0.10859375 0.021875 0.025
0 0.53828125 0.10625 0.109375 0.0859375
0 0.39921875 0.2203125 0.040625 0.08984375
0 0.4515625 0.05859375 0.0453125 0.03125
0 0.66875 0.07421875 0.0890625 0.0375
0 0.70390625 0.11875 0.034375 0.0234375
0 0.61875 0.11640625 0.0390625 0.02734375
0 0.66015625 0.16015625 0.028125 0.0328125
0 0.43125 0.10234375 0.0453125 0.040625
0 0.309375 0.0578125 0.0484375 0.02734375
0 0.38984375 0.00859375 0.0203125 0.0171875
0 0.4578125 0.00625 0.0171875 0.01171875
0 0.52578125 0.0140625 0.021875 0.02734375
0 0.56484375 0.0140625 0.0265625 0.02734375
0 0.59921875 0.1671875 0.0265625 0.0171875
0 0.575 0.29296875 0.0640625 0.05625
0 0.07890625 0.0984375 0.028125 0.0140625
0 0.0203125 0.0453125 0.0171875 0.021875
0 0.003125 0.015625 0.00625 0.0171875
0 0.4109375 0.14765625 0.0296875 0.0390625
0 0.67890625 0.21875 0.0140625 0.0171875
0 0.50078125 0.22578125 0.015625 0.01953125
0 0.4640625 0.15625 0.009375 0.0140625
0 0.47734375 0.1890625 0.009375 0.015625
0 0.95703125 0.95 0.0125 0.0171875
0 0.67578125 0.928125 0.0125 0.01953125
0 0.92734375 0.44921875 0.00625 0.01171875
0 0.42421875 0.00390625 0.00625 0.0078125
0 0.28984375 0.003125 0.009375 0.00625
0 0.01796875 0.1453125 0.009375 0.0171875
0 0.040625 0.065625 0.009375 0.0171875