0 0.0171875 0.00390625 0.025 0.0078125
0 0.0671875 0.00390625 0.021875 0.0078125
0 0.378125 0.0125 0.08125 0.025
0 0.44375 0.0359375 0.021875 0.03515625
0 0.696875 0.0453125 0.040625 0.0328125
0 0.97421875 0.078125 0.0265625 0.0296875
0 0.9890625 0.27265625 0.021875 0.046875
0 0.71328125 0.2234375 0.0515625 0.07421875
0 0.60390625 0.01484375 0.015625 0.015625
0 0.88359375 0.21875 0.015625 0.0140625
0 0.1125 0.2015625 0.2015625 0.25
0 0.22421875 0.11640625 0.009375 0.015625
0 0.31171875 0.49921875 0.2125 0.23046875
0 0.103125 0.659375 0.20625 0.3125
0 0.240625 0.696875 0.0734375 0.16796875
0 0.0921875 0.42265625 0.184375 0.1640625
0 0.428125 0.31640625 0.075 0.0921875
0 0.58125 0.50703125 0.2828125 0.35
0 0.8609375 0.375 0.1390625 0.24375
0 0.06875 0.8390625 0.0421875 0.0484375
0 0.5078125 0.93671875 0.0140625 0.015625