0 0.04609375 0.00390625 0.0296875 0.0078125
0 0.003125 0.046875 0.00625 0.046875
0 0.66875 0.05078125 0.225 0.1015625
0 0.85859375 0.0984375 0.1265625 0.171875
0 0.85 0.2484375 0.1109375 0.084375
0 0.93125 0.2578125 0.028125 0.0390625
0 0.9234375 0.21171875 0.0140625 0.0171875
0 0.778125 0.16328125 0.03125 0.03515625
0 0.934375 0.4625 0.1125 0.275
0 0.84453125 0.528125 0.0640625 0.11328125
0 0.9453125 0.671875 0.0875 0.1484375
0 0.75703125 0.56328125 0.06875 0.0703125
0 0.30859375 0.0203125 0.0375 0.040625
0 0.090625 0.19453125 0.1140625 0.25625
0 0.16328125 0.29375 0.0203125 0.0296875
0 0.51640625 0.0515625 0.0453125 0.103125
0 0.5796875 0.14375 0.1265625 0.0796875
0 0.54609375 0.05546875 0.0140625 0.0328125
0 0.43984375 0.0984375 0.059375 0.078125
0 0.39296875 0.14375 0.021875 0.021875
0 0.47109375 0.24140625 0.1109375 0.11328125
0 0.61640625 0.253125 0.13125 0.109375
0 0.29765625 0.209375 0.159375 0.18359375
0 0.365625 0.359375 0.0984375 0.11875
0 0.39375 0.2765625 0.034375 0.040625
0 0.20234375 0.18671875 0.021875 0.0453125
0 0.159375 0.1484375 0.0140625 0.015625
0 0.17890625 0.16484375 0.0109375 0.021875
0 0.34921875 0.484375 0.20625 0.11875
0 0.484375 0.4671875 0.0671875 0.1234375
0 0.53984375 0.44609375 0.040625 0.09375
0 0.20703125 0.4484375 0.046875 0.0484375
0 0.19296875 0.6015625 0.0828125 0.2359375
0 0.25 0.69140625 0.0328125 0.11328125
0 0.22734375 0.7328125 0.0125 0.021875
0 0.1453125 0.58125 0.009375 0.07421875
0 0.325 0.62578125 0.0890625 0.1109375
0 0.34609375 0.79375 0.1390625 0.22265625
0 0.44375 0.740625 0.05625 0.08203125
0 0.5296875 0.7375 0.1 0.12890625
0 0.4671875 0.67265625 0.0296875 0.03125
0 0.57421875 0.6234375 0.021875 0.0375
0 0.634375 0.665625 0.0671875 0.0921875
0 0.7953125 0.6546875 0.0828125 0.05859375
0 0.81875 0.7203125 0.0796875 0.0703125
0 0.72890625 0.71171875 0.05625 0.0546875
0 0.72734375 0.6359375 0.0484375 0.0640625
0 0.6921875 0.5328125 0.0203125 0.021875
0 0.5703125 0.5375 0.0234375 0.01953125
0 0.646875 0.60625 0.009375 0.0140625
0 0.6453125 0.5046875 0.0078125 0.0140625
0 0.2859375 0.346875 0.0109375 0.01171875
0 0.740625 0.83671875 0.0375 0.05078125
0 0.796875 0.7890625 0.059375 0.0640625
0 0.78984375 0.871875 0.0140625 0.02734375
0 0.8171875 0.86328125 0.028125 0.03515625
0 0.9828125 0.82421875 0.034375 0.0640625
0 0.86171875 0.9625 0.153125 0.07421875
0 0.88359375 0.90703125 0.03125 0.03515625
0 0.753125 0.98828125 0.0234375 0.0234375
0 0.77265625 0.9640625 0.0140625 0.0234375
0 0.63125 0.98515625 0.053125 0.0296875
0 0.4625 0.9859375 0.0296875 0.02734375
0 0.4265625 0.99296875 0.009375 0.0140625
0 0.69453125 0.63125 0.0109375 0.015625
0 0.2875 0.075 0.0203125 0.025
0 0.865625 0.6859375 0.0125 0.0171875
0 0.89296875 0.71171875 0.0078125 0.03125
0 0.74765625 0.1703125 0.009375 0.01171875