0 0.8640625 0.3703125 0.146875 0.24609375
0 0.99375 0.27265625 0.0125 0.021875
0 0.99375 0.471875 0.00625 0.0171875
0 0.9734375 0.06953125 0.0265625 0.0375
0 0.6984375 0.03984375 0.04375 0.0390625
0 0.596875 0.0125 0.0140625 0.025
0 0.71015625 0.21796875 0.0546875 0.08203125
0 0.36015625 0.0125 0.1109375 0.025
0 0.4390625 0.0265625 0.01875 0.0171875
0 0.58515625 0.4671875 0.25625 0.40234375
0 0.425 0.3234375 0.0640625 0.0921875
0 0.3125 0.5 0.21875 0.2203125
0 0.10078125 0.66484375 0.2015625 0.31875
0 0.2390625 0.69609375 0.0734375 0.1734375
0 0.07421875 0.84765625 0.046875 0.0453125
0 0.09296875 0.42578125 0.18125 0.1546875
0 0.109375 0.209375 0.203125 0.25625
0 0.2203125 0.1140625 0.009375 0.01171875
0 0.1453125 0.00390625 0.04375 0.0078125
0 0.05546875 0.00859375 0.025 0.0171875
0 0.51015625 0.9390625 0.0125 0.015625