0 0.9671875 0.06328125 0.034375 0.0296875
0 0.9828125 0.26171875 0.025 0.04296875
0 0.68203125 0.03515625 0.0578125 0.046875
0 0.59140625 0.0109375 0.015625 0.021875
0 0.87734375 0.21015625 0.0109375 0.0171875
0 0.85390625 0.36328125 0.140625 0.24609375
0 0.9890625 0.465625 0.009375 0.0171875
0 0.70546875 0.2125 0.0625 0.08203125
0 0.6 0.475 0.2890625 0.4125
0 0.41796875 0.3171875 0.071875 0.10546875
0 0.3078125 0.484375 0.221875 0.20703125
0 0.1 0.66015625 0.2 0.328125
0 0.23359375 0.6890625 0.0671875 0.19921875
0 0.065625 0.84375 0.0421875 0.040625
0 0.0828125 0.4203125 0.165625 0.15
0 0.10703125 0.2078125 0.2015625 0.259375
0 0.14140625 0.0046875 0.0625 0.009375
0 0.35078125 0.009375 0.1109375 0.01875
0 0.43671875 0.0265625 0.021875 0.02734375
0 0.04765625 0.0046875 0.0265625 0.009375
0 0.50546875 0.9390625 0.0171875 0.021875