0 0.03984375 0.8109375 0.0796875 0.1078125
0 0.03359375 0.6375 0.059375 0.0796875
0 0.63515625 0.9484375 0.2078125 0.103125
0 0.796875 0.98203125 0.059375 0.0359375
0 0.50703125 0.9515625 0.00625 0.015625
0 0.1890625 0.91171875 0.190625 0.1765625
0 0.315625 0.98125 0.0203125 0.0171875
0 0.89140625 0.55078125 0.103125 0.0953125
0 0.91328125 0.39140625 0.075 0.1390625
0 0.9828125 0.19453125 0.034375 0.0375
0 0.96640625 0.09296875 0.025 0.021875
0 0.8359375 0.09296875 0.015625 0.015625
0 0.88515625 0.3125 0.0171875 0.015625
0 0.6890625 0.7203125 0.1921875 0.29296875
0 0.709375 0.88671875 0.009375 0.0171875
0 0.56640625 0.80859375 0.0546875 0.08984375
0 0.5015625 0.81171875 0.0734375 0.0390625
0 0.44765625 0.8 0.0171875 0.025
0 0.36953125 0.6015625 0.4546875 0.18359375
0 0.16484375 0.72734375 0.06875 0.0640625
0 0.2484375 0.74140625 0.078125 0.09375
0 0.2328125 0.81640625 0.0125 0.01171875
0 0.67421875 0.49609375 0.1 0.0640625
0 0.72734375 0.42578125 0.0296875 0.0546875
0 0.79453125 0.325 0.0609375 0.0625
0 0.01875 0.234375 0.0375 0.12890625
0 0.61796875 0.084375 0.0640625 0.0625
0 0.6234375 0.37890625 0.084375 0.071875
0 0.70234375 0.44375 0.009375 0.0140625
0 0.746875 0.32109375 0.0296875 0.025
0 0.76640625 0.25703125 0.025 0.025
0 0.85390625 0.27734375 0.0234375 0.021875
0 0.6140625 0.2421875 0.21875 0.1
0 0.61015625 0.1859375 0.021875 0.015625
0 0.6703125 0.1796875 0.0390625 0.0234375
0 0.5 0.1375 0.0796875 0.1109375
0 0.5578125 0.1140625 0.0171875 0.021875
0 0.440625 0.09296875 0.0390625 0.0375
0 0.29765625 0.09453125 0.11875 0.1890625
0 0.3640625 0.2 0.040625 0.021875
0 0.4203125 0.1890625 0.0203125 0.021875
0 0.40859375 0.0984375 0.021875 0.02734375
0 0.36484375 0.14453125 0.0171875 0.0171875
0 0.4421875 0.24296875 0.0125 0.01171875
0 0.53828125 0.371875 0.053125 0.0375
0 0.28359375 0.43671875 0.196875 0.14453125
0 0.39921875 0.409375 0.0265625 0.0171875
0 0.06953125 0.15546875 0.0609375 0.09375
0 0.1328125 0.05625 0.025 0.021875
0 0.1671875 0.0390625 0.025 0.01953125
0 0.20390625 0.05 0.0140625 0.025
0 0.20078125 0.1375 0.075 0.11328125
0 0.1640625 0.3 0.0390625 0.0546875
0 0.08828125 0.23125 0.0484375 0.040625
0 0.04453125 0.23359375 0.0125 0.0171875
0 0.16796875 0.209375 0.021875 0.02734375
0 0.34921875 0.23359375 0.028125 0.02734375
0 0.121875 0.21796875 0.015625 0.015625
0 0.24453125 0.23515625 0.0109375 0.015625
0 0.2625 0.271875 0.0140625 0.0140625
0 0.34140625 0.35 0.0140625 0.015625
0 0.3671875 0.33203125 0.009375 0.009375
0 0.1921875 0.34453125 0.009375 0.0140625
0 0.52265625 0.7015625 0.025 0.0171875
0 0.32109375 0.35625 0.0125 0.01171875
0 0.32109375 0.30859375 0.0125 0.009375
0 0.3796875 0.0453125 0.009375 0.0140625
0 0.71796875 0.31328125 0.0109375 0.0140625