0 0.03046875 0.0515625 0.0609375 0.103125
0 0.0859375 0.0875 0.025 0.040625
0 0.29453125 0.053125 0.225 0.10546875
0 0.48359375 0.0453125 0.1453125 0.08984375
0 0.68203125 0.06328125 0.1765625 0.1265625
0 0.95234375 0.065625 0.0953125 0.10546875
0 0.96640625 0.42578125 0.0671875 0.15625
0 0.346875 0.17890625 0.1390625 0.1484375
0 0.2375 0.14921875 0.021875 0.0171875
0 0.29375 0.3328125 0.2421875 0.1703125
0 0.5046875 0.3234375 0.175 0.16796875
0 0.60546875 0.409375 0.0296875 0.02734375
0 0.12578125 0.2765625 0.0578125 0.0609375
0 0.16640625 0.31640625 0.0109375 0.015625
0 0.32109375 0.74296875 0.2703125 0.2734375
0 0.55546875 0.6796875 0.196875 0.2421875
0 0.45 0.58671875 0.0171875 0.02734375
0 0.278125 0.5125 0.128125 0.16015625
0 0.10234375 0.540625 0.1703125 0.2796875
0 0.1203125 0.36640625 0.078125 0.0765625
0 0.96015625 0.978125 0.0796875 0.04296875
0 0.70390625 0.6015625 0.09375 0.1546875
0 0.61796875 0.521875 0.034375 0.046875
0 0.8625 0.459375 0.0921875 0.0953125
0 0.77578125 0.4125 0.025 0.0234375
0 0.93828125 0.6765625 0.1234375 0.259375
0 0.834375 0.8359375 0.0375 0.0609375
0 0.925 0.8859375 0.0578125 0.0859375
0 0.996875 0.92578125 0.00625 0.021875
0 0.81875 0.55859375 0.11875 0.08984375
0 0.82578125 0.6578125 0.0640625 0.0765625
0 0.77421875 0.6578125 0.009375 0.0140625
0 0.7140625 0.3734375 0.0125 0.01171875
0 0.053125 0.115625 0.0125 0.0171875
0 0.40546875 0.99375 0.0109375 0.01171875