0 0.03046875 0.0671875 0.0609375 0.134375
0 0.0828125 0.0796875 0.021875 0.04296875
0 0.28984375 0.0578125 0.2265625 0.115625
0 0.4796875 0.04609375 0.14375 0.0921875
0 0.67890625 0.06171875 0.1796875 0.1234375
0 0.94921875 0.071875 0.1015625 0.1078125
0 0.9671875 0.42578125 0.065625 0.1546875
0 0.34609375 0.1828125 0.125 0.13125
0 0.09453125 0.49921875 0.171875 0.33984375
0 0.38515625 0.32890625 0.4109375 0.16796875
0 0.1203125 0.2796875 0.05625 0.0625
0 0.1625 0.31640625 0.00625 0.0140625
0 0.28984375 0.66875 0.1984375 0.4671875
0 0.515625 0.67890625 0.25625 0.2421875
0 0.6109375 0.52421875 0.0390625 0.06640625
0 0.6984375 0.60234375 0.0953125 0.14453125
0 0.86015625 0.4609375 0.0953125 0.1
0 0.89296875 0.6640625 0.2125 0.290625
0 0.76953125 0.5359375 0.034375 0.0375
0 0.77265625 0.41328125 0.025 0.025
0 0.60546875 0.4109375 0.028125 0.021875
0 0.71171875 0.375 0.0125 0.0140625
0 0.23125 0.1515625 0.01875 0.0234375
0 0.8359375 0.8390625 0.046875 0.0640625
0 0.91875 0.8875 0.0609375 0.0703125
0 0.9546875 0.9796875 0.090625 0.040625
0 0.9953125 0.9265625 0.009375 0.025
0 0.77109375 0.659375 0.009375 0.015625
0 0.7125 0.5140625 0.0125 0.015625