0 0.9828125 0.09296875 0.034375 0.03515625
0 0.99609375 0.28203125 0.0078125 0.040625
0 0.86640625 0.38671875 0.140625 0.24609375
0 0.89140625 0.2296875 0.0203125 0.0234375
0 0.70625 0.05 0.0453125 0.03125
0 0.7171875 0.22578125 0.05625 0.0859375
0 0.5953125 0.50859375 0.246875 0.3296875
0 0.434375 0.3234375 0.0796875 0.0953125
0 0.1234375 0.2015625 0.209375 0.24375
0 0.39921875 0.01484375 0.0640625 0.0296875
0 0.45546875 0.03828125 0.0203125 0.03125
0 0.61015625 0.01875 0.015625 0.0171875
0 0.12890625 0.59453125 0.2578125 0.515625
0 0.34296875 0.4921875 0.165625 0.228125
0 0.2703125 0.6578125 0.021875 0.0953125
0 0.99765625 0.4875 0.0046875 0.015625
0 0.034375 0.003125 0.009375 0.00625
0 0.509375 0.94375 0.0125 0.01171875