0 0.79140625 0.9703125 0.2015625 0.05859375
0 0.67109375 0.9734375 0.0125 0.0140625
0 0.0375 0.9796875 0.071875 0.040625
0 0.0984375 0.99140625 0.025 0.0171875
0 0.04765625 0.690625 0.0953125 0.32421875
0 0.16171875 0.75703125 0.103125 0.0953125
0 0.2453125 0.74296875 0.0609375 0.0796875
0 0.37109375 0.8796875 0.1890625 0.196875
0 0.48828125 0.95625 0.0296875 0.0375
0 0.5453125 0.5578125 0.4359375 0.4
0 0.2375 0.58671875 0.0578125 0.06640625
0 0.16953125 0.615625 0.0375 0.0375
0 0.8953125 0.71171875 0.209375 0.38671875
0 0.78046875 0.79765625 0.0140625 0.0328125
0 0.7515625 0.85625 0.05625 0.0796875
0 0.715625 0.8484375 0.0140625 0.025
0 0.67578125 0.834375 0.053125 0.0390625
0 0.7765625 0.4015625 0.025 0.03125
0 0.84453125 0.42109375 0.0734375 0.0765625
0 0.94921875 0.4890625 0.034375 0.0390625
0 0.8484375 0.271875 0.2203125 0.11328125
0 0.98203125 0.3921875 0.0359375 0.0546875
0 0.94921875 0.36875 0.0140625 0.021875
0 0.99140625 0.31640625 0.0171875 0.02734375
0 0.74609375 0.1515625 0.075 0.12109375
0 0.8078125 0.1421875 0.01875 0.0140625
0 0.8484375 0.1328125 0.0296875 0.040625
0 0.53984375 0.13984375 0.1 0.0921875
0 0.6078125 0.14921875 0.025 0.01953125
0 0.65703125 0.1078125 0.021875 0.0390625
0 0.5453125 0.03046875 0.059375 0.0609375
0 0.68671875 0.1046875 0.03125 0.0390625
0 0.68515625 0.1546875 0.015625 0.015625
0 0.6609375 0.2015625 0.01875 0.025
0 0.178125 0.4421875 0.0484375 0.071875
0 0.1046875 0.49921875 0.0203125 0.04296875
0 0.153125 0.5046875 0.0125 0.0171875
0 0.090625 0.215625 0.06875 0.19921875
0 0.16875 0.14765625 0.0703125 0.0484375
0 0.17265625 0.240625 0.0609375 0.07421875
0 0.2578125 0.21015625 0.0765625 0.08203125
0 0.184375 0.359375 0.071875 0.06640625
0 0.4015625 0.27265625 0.028125 0.0546875
0 0.4484375 0.1109375 0.0484375 0.0765625
0 0.42734375 0.01640625 0.0328125 0.021875
0 0.38984375 0.03203125 0.025 0.01953125
0 0.3171875 0.084375 0.0390625 0.021875
0 0.315625 0.1296875 0.053125 0.0609375
0 0.334375 0.2 0.0484375 0.040625
0 0.5984375 0.2015625 0.025 0.021875
0 0.403125 0.21015625 0.0328125 0.0546875
0 0.12578125 0.0546875 0.0296875 0.021875
0 0.03125 0.071875 0.0265625 0.0296875
0 0.01328125 0.1078125 0.021875 0.01953125
0 0.0390625 0.18046875 0.0203125 0.0171875
0 0.01875 0.29375 0.0375 0.05859375
0 0.01953125 0.171875 0.0140625 0.015625
0 0.04140625 0.00390625 0.025 0.0078125
0 0.0046875 0.03046875 0.009375 0.0171875
0 0.57109375 0.3484375 0.01875 0.0171875
0 0.59765625 0.340625 0.0140625 0.0171875
0 0.42421875 0.32109375 0.0109375 0.01171875
0 0.50390625 0.26171875 0.0140625 0.01171875
0 0.46875 0.19453125 0.0203125 0.0171875
0 0.29140625 0.02421875 0.0109375 0.009375
0 0.25625 0.1375 0.021875 0.03125
0 0.14140625 0.096875 0.021875 0.01953125
0 0.67890625 0.2578125 0.0140625 0.0140625
0 0.46015625 0.03046875 0.0109375 0.01953125
0 0.5984375 0.11640625 0.0140625 0.0171875
0 0.5828125 0.0640625 0.015625 0.0328125
0 0.0890625 0.3671875 0.0125 0.0171875