0 0.046875 0.69140625 0.0875 0.33203125
0 0.18828125 0.7609375 0.1671875 0.115625
0 0.05234375 0.9734375 0.1046875 0.053125
0 0.01640625 0.2984375 0.0328125 0.05078125
0 0.02890625 0.0734375 0.0328125 0.0453125
0 0.16875 0.61328125 0.034375 0.04296875
0 0.234375 0.5875 0.059375 0.07421875
0 0.16796875 0.43828125 0.0515625 0.0875
0 0.146875 0.5046875 0.025 0.0375
0 0.38125 0.878125 0.20625 0.2015625
0 0.78828125 0.965625 0.2109375 0.06875
0 0.546875 0.0390625 0.078125 0.078125
0 0.02890625 0.1796875 0.03125 0.0390625
0 0.09296875 0.2171875 0.0703125 0.203125
0 0.0890625 0.36640625 0.0140625 0.021875
0 0.0375 0.01171875 0.03125 0.01953125
0 0.12265625 0.05546875 0.0265625 0.0328125
0 0.16171875 0.1359375 0.0671875 0.1
0 0.17265625 0.23359375 0.05625 0.084375
0 0.28984375 0.15703125 0.1703125 0.18125
0 0.41640625 0.02421875 0.0890625 0.0484375
0 0.403125 0.22265625 0.04375 0.15625
0 0.4515625 0.1078125 0.053125 0.08984375
0 0.546875 0.128125 0.1375 0.1
0 0.5 0.26484375 0.015625 0.021875
0 0.62265625 0.203125 0.0921875 0.0390625
0 0.58515625 0.2375 0.0296875 0.025
0 0.190625 0.3546875 0.08125 0.06875
0 0.75625 0.146875 0.23125 0.140625
0 0.83828125 0.275 0.2171875 0.12109375
0 0.99140625 0.31328125 0.0171875 0.040625
0 0.9640625 0.3859375 0.071875 0.05625
0 0.81328125 0.42265625 0.1421875 0.0796875
0 0.55390625 0.55078125 0.4734375 0.3984375
0 0.5453125 0.3171875 0.01875 0.040625
0 0.70390625 0.8453125 0.1578125 0.140625
0 0.94609375 0.490625 0.0828125 0.07421875
0 0.87890625 0.7125 0.1921875 0.3984375
0 0.6734375 0.25625 0.0109375 0.01953125