0 0.0359375 0.00859375 0.025 0.0171875
0 0.30078125 0.02265625 0.0390625 0.0453125
0 0.6296875 0.0453125 0.2875 0.08984375
0 0.575 0.13203125 0.1265625 0.0859375
0 0.8453125 0.0875 0.125 0.175
0 0.76875 0.1546875 0.0328125 0.03515625
0 0.8546875 0.23828125 0.1234375 0.0796875
0 0.92890625 0.2421875 0.0296875 0.03515625
0 0.94765625 0.43828125 0.1046875 0.2421875
0 0.88203125 0.3703125 0.021875 0.046875
0 0.93125 0.684375 0.090625 0.0921875
0 0.9609375 0.6 0.0671875 0.0765625
0 0.85390625 0.515625 0.084375 0.115625
0 0.75390625 0.553125 0.0703125 0.0703125
0 0.4328125 0.09375 0.071875 0.0640625
0 0.465625 0.23515625 0.1046875 0.1171875
0 0.6125 0.246875 0.1328125 0.11875
0 0.73984375 0.1625 0.0109375 0.009375
0 0.0828125 0.24296875 0.11875 0.1703125
0 0.10390625 0.10859375 0.0828125 0.0953125
0 0.15234375 0.14921875 0.0171875 0.01171875
0 0.2953125 0.21953125 0.1265625 0.19140625
0 0.3671875 0.3703125 0.09375 0.1078125
0 0.38359375 0.27734375 0.046875 0.07421875
0 0.221875 0.1828125 0.0140625 0.0765625
0 0.203125 0.19609375 0.0171875 0.021875
0 0.1890625 0.1765625 0.009375 0.0171875
0 0.16015625 0.296875 0.025 0.0375
0 0.4953125 0.46484375 0.1109375 0.1484375
0 0.36015625 0.4828125 0.1625 0.109375
0 0.2609375 0.49375 0.0375 0.0703125
0 0.2046875 0.4484375 0.0453125 0.05078125
0 0.2015625 0.609375 0.0609375 0.228125
0 0.153125 0.5875 0.0328125 0.0765625
0 0.16015625 0.690625 0.021875 0.05625
0 0.246875 0.68125 0.03125 0.0875
0 0.23984375 0.740625 0.0328125 0.03125
0 0.32890625 0.62421875 0.0859375 0.1171875
0 0.35 0.79296875 0.1390625 0.2125
0 0.4453125 0.7421875 0.0515625 0.08984375
0 0.5359375 0.7296875 0.1 0.1421875
0 0.46953125 0.67109375 0.03125 0.040625
0 0.63828125 0.67109375 0.06875 0.1
0 0.81171875 0.709375 0.0890625 0.19140625
0 0.7359375 0.63203125 0.0609375 0.0640625
0 0.72734375 0.69921875 0.053125 0.046875
0 0.7421875 0.828125 0.03125 0.046875
0 0.7921875 0.859375 0.0140625 0.021875
0 0.81953125 0.84296875 0.0203125 0.0390625
0 0.86796875 0.95390625 0.1515625 0.0921875
0 0.88203125 0.8921875 0.0328125 0.02734375
0 0.98359375 0.81640625 0.0328125 0.06640625
0 0.77734375 0.953125 0.0171875 0.021875
0 0.76328125 0.9765625 0.0265625 0.02734375
0 0.63984375 0.98046875 0.0984375 0.0390625
0 0.46796875 0.98203125 0.0265625 0.0359375
0 0.4328125 0.990625 0.009375 0.015625
0 0.5765625 0.6109375 0.021875 0.02734375
0 0.69140625 0.5265625 0.021875 0.02734375
0 0.69453125 0.621875 0.0171875 0.01953125
0 0.5640625 0.53125 0.021875 0.021875
0 0.28046875 0.3453125 0.015625 0.0078125
0 0.28046875 0.071875 0.0203125 0.0234375
0 0.25703125 0.05546875 0.0125 0.0171875
0 0.646875 0.6 0.009375 0.0171875
0 0.38671875 0.14140625 0.0234375 0.0234375
0 0.04765625 0.1234375 0.0140625 0.0140625