0 0.09453125 0.13984375 0.1125 0.26171875
0 0.01484375 0.0078125 0.0125 0.015625
0 0.9015625 0.07890625 0.1546875 0.1578125
0 0.89296875 0.2203125 0.115625 0.0875
0 0.97421875 0.23359375 0.03125 0.0390625
0 0.9640625 0.184375 0.0078125 0.0140625
0 0.63359375 0.025 0.2046875 0.05
0 0.78046875 0.03125 0.08125 0.0625
0 0.6078125 0.090625 0.1296875 0.0765625
0 0.6453125 0.21875 0.1296875 0.11875
0 0.64609375 0.14140625 0.025 0.0296875
0 0.45703125 0.04765625 0.0546875 0.07421875
0 0.49140625 0.19453125 0.115625 0.1171875
0 0.3015625 0.165625 0.1390625 0.18359375
0 0.37890625 0.3203125 0.103125 0.125
0 0.42109375 0.4515625 0.3203125 0.1328125
0 0.19765625 0.5828125 0.128125 0.2796875
0 0.25078125 0.43125 0.0234375 0.021875
0 0.20390625 0.4046875 0.0453125 0.0546875
0 0.33125 0.59453125 0.09375 0.1265625
0 0.3421875 0.77265625 0.1390625 0.2359375
0 0.44609375 0.725 0.06875 0.08984375
0 0.54765625 0.7328125 0.128125 0.134375
0 0.4765625 0.6546875 0.0296875 0.03515625
0 0.89921875 0.965625 0.1328125 0.06875
0 0.9125 0.91328125 0.034375 0.0375
0 0.64453125 0.9859375 0.0515625 0.02734375
0 0.4671875 0.984375 0.03125 0.03125
0 0.959375 0.43359375 0.08125 0.2515625
0 0.98828125 0.578125 0.0234375 0.03125
0 0.97734375 0.67109375 0.0453125 0.15234375
0 0.9375 0.690625 0.0328125 0.0765625
0 0.88359375 0.5125 0.0703125 0.12109375
0 0.7875 0.5421875 0.06875 0.0703125
0 0.71796875 0.51171875 0.0171875 0.021875
0 0.846875 0.71015625 0.115625 0.20703125
0 0.74765625 0.6265625 0.08125 0.07421875
0 0.753125 0.70234375 0.05 0.05625
0 0.6578125 0.6609375 0.065625 0.109375
0 0.76171875 0.8390625 0.0375 0.05078125
0 0.83125 0.85859375 0.0484375 0.0546875
0 0.59453125 0.6 0.0328125 0.0328125
0 0.6703125 0.5921875 0.009375 0.0140625
0 0.67109375 0.4828125 0.0109375 0.0171875
0 0.54765625 0.3734375 0.0125 0.0171875
0 0.4859375 0.37890625 0.01875 0.01171875
0 0.2921875 0.3015625 0.0140625 0.0140625
0 0.78515625 0.98359375 0.03125 0.0328125
0 0.2015625 0.12421875 0.0375 0.0484375
0 0.16328125 0.2453125 0.025 0.03515625
0 0.58984375 0.51171875 0.01875 0.021875
0 0.81171875 0.13203125 0.028125 0.0296875
0 0.4125 0.09375 0.028125 0.0234375
0 0.28203125 0.003125 0.009375 0.00625