0 0.23984375 0.94296875 0.1515625 0.1140625
0 0.2765625 0.73515625 0.2859375 0.2734375
0 0.18828125 0.5640625 0.0796875 0.0609375
0 0.07109375 0.52265625 0.0484375 0.0546875
0 0.02578125 0.590625 0.015625 0.01171875
0 0.0046875 0.740625 0.009375 0.0296875
0 0.0203125 0.4859375 0.0140625 0.015625
0 0.315625 0.47265625 0.1703125 0.11875
0 0.35234375 0.5625 0.009375 0.015625
0 0.528125 0.92890625 0.0140625 0.015625
0 0.7765625 0.73828125 0.1640625 0.2734375
0 0.8546875 0.571875 0.0328125 0.05078125
0 0.85703125 0.209375 0.1921875 0.2421875
0 0.83125 0.403125 0.0921875 0.14453125
0 0.94453125 0.4328125 0.1109375 0.20703125
0 0.9765625 0.25390625 0.046875 0.15
0 0.86640625 0.01875 0.0140625 0.01953125
0 0.69296875 0.0546875 0.009375 0.015625
0 0.5546875 0.0140625 0.0578125 0.02734375
0 0.30703125 0.0328125 0.1109375 0.065625
0 0.2625 0.16015625 0.1015625 0.1546875
0 0.46484375 0.13984375 0.184375 0.1703125
0 0.4265625 0.290625 0.0828125 0.1265625
0 0.31640625 0.2703125 0.05625 0.0640625
0 0.37109375 0.2484375 0.028125 0.046875
0 0.3625 0.21171875 0.0140625 0.021875
0 0.33046875 0.225 0.03125 0.025
0 0.27890625 0.325 0.0421875 0.0328125
0 0.403125 0.3875 0.0109375 0.01171875
0 0.5703125 0.2578125 0.0984375 0.0609375
0 0.5890625 0.20703125 0.0609375 0.03515625
0 0.69609375 0.27265625 0.0890625 0.1078125
0 0.59453125 0.3515625 0.0765625 0.1171875
0 0.6296875 0.26953125 0.009375 0.021875
0 0.6453125 0.29609375 0.015625 0.0328125
0 0.1765625 0.2515625 0.009375 0.0171875
0 0.3546875 0.1 0.0171875 0.0171875