0 0.03203125 0.85859375 0.0640625 0.10546875
0 0.02109375 0.6859375 0.0421875 0.08203125
0 0.1921875 0.93359375 0.175 0.1328125
0 0.965625 0.10546875 0.040625 0.021875
0 0.98515625 0.2078125 0.0296875 0.0453125
0 0.0125 0.26953125 0.025 0.09375
0 0.03125 0.2515625 0.0125 0.0171875
0 0.0765625 0.253125 0.053125 0.0453125
0 0.15390625 0.3234375 0.0484375 0.06640625
0 0.2375 0.6046875 0.26875 0.44140625
0 0.21796875 0.8390625 0.040625 0.02734375
0 0.48203125 0.64765625 0.221875 0.2125
0 0.69296875 0.7671875 0.2046875 0.31875
0 0.565625 0.86875 0.0484375 0.08984375
0 0.50234375 0.871875 0.0796875 0.0328125
0 0.4421875 0.85859375 0.0203125 0.021875
0 0.18671875 0.8484375 0.009375 0.01171875
0 0.9015625 0.58203125 0.0953125 0.08203125
0 0.9171875 0.640625 0.0125 0.0140625
0 0.67109375 0.53515625 0.103125 0.071875
0 0.7328125 0.465625 0.0359375 0.0453125
0 0.91875 0.39375 0.0765625 0.0796875
0 0.9234375 0.471875 0.071875 0.0546875
0 0.8953125 0.34296875 0.0171875 0.0171875
0 0.64921875 0.978125 0.1921875 0.04296875
0 0.71484375 0.94921875 0.0125 0.015625
0 0.79140625 0.98984375 0.0140625 0.0203125
0 0.61640625 0.409375 0.09375 0.078125
0 0.8015625 0.3578125 0.0640625 0.06640625
0 0.85703125 0.29375 0.0203125 0.021875
0 0.840625 0.1015625 0.0140625 0.015625
0 0.840625 0.13125 0.0140625 0.01171875
0 0.29140625 0.04609375 0.0765625 0.0859375
0 0.05078125 0.16796875 0.0640625 0.103125
0 0.11953125 0.0671875 0.021875 0.021875
0 0.16328125 0.04765625 0.0296875 0.0171875
0 0.28359375 0.15 0.121875 0.109375
0 0.35625 0.2171875 0.0515625 0.0234375
0 0.409375 0.209375 0.021875 0.021875
0 0.60625 0.25703125 0.2359375 0.12890625
0 0.7703125 0.28046875 0.025 0.0328125
0 0.74921875 0.34765625 0.025 0.0234375
0 0.71953125 0.3390625 0.009375 0.0140625
0 0.5390625 0.39921875 0.053125 0.040625
0 0.19609375 0.06171875 0.0140625 0.03125
0 0.08125 0.00703125 0.0171875 0.0140625
0 0.6125 0.10078125 0.075 0.05625
0 0.4953125 0.1421875 0.0890625 0.10546875
0 0.55625 0.1296875 0.0171875 0.01953125
0 0.4359375 0.1078125 0.028125 0.0453125
0 0.39921875 0.1109375 0.028125 0.0328125
0 0.35859375 0.1625 0.0171875 0.021875
0 0.3625 0.1046875 0.0125 0.0171875
0 0.37109375 0.0625 0.015625 0.0171875
0 0.3796875 0.021875 0.0109375 0.01171875
0 0.1828125 0.14453125 0.075 0.1
0 0.1578125 0.2234375 0.01875 0.021875
0 0.1375 0.2703125 0.0140625 0.025
0 0.1515625 0.24140625 0.0140625 0.0140625
0 0.2109375 0.22578125 0.0140625 0.0140625
0 0.340625 0.253125 0.0265625 0.0171875
0 0.3328125 0.3765625 0.0125 0.015625
0 0.35859375 0.3640625 0.0140625 0.015625
0 0.2296875 0.2578125 0.0171875 0.0140625
0 0.25234375 0.296875 0.0140625 0.01171875
0 0.4359375 0.26640625 0.0109375 0.01171875
0 0.82578125 0.3015625 0.0140625 0.01171875
0 0.38671875 0.44140625 0.0296875 0.0171875
0 0.309375 0.3328125 0.0125 0.0140625
0 0.66171875 0.5796875 0.021875 0.0171875
0 0.4328125 0.15703125 0.0078125 0.01171875
0 0.00234375 0.19375 0.0046875 0.015625
0 0.11015625 0.2359375 0.0109375 0.01171875
0 0.24140625 0.02265625 0.0125 0.015625