0 0.04609375 0.6859375 0.0890625 0.3203125
0 0.053125 0.97421875 0.103125 0.0515625
0 0.01484375 0.2953125 0.0296875 0.05859375
0 0.04453125 0.0078125 0.0546875 0.01171875
0 0.025 0.09296875 0.04375 0.0875
0 0.215625 0.18828125 0.33125 0.2578125
0 0.2484375 0.0140625 0.00625 0.01171875
0 0.07890625 0.36796875 0.0203125 0.0328125
0 0.18125 0.42109375 0.08125 0.1859375
0 0.09609375 0.49609375 0.0203125 0.05859375
0 0.4203125 0.025 0.090625 0.04296875
0 0.5546875 0.0421875 0.0984375 0.0765625
0 0.42734375 0.196875 0.0921875 0.26953125
0 0.54140625 0.1359375 0.1390625 0.1078125
0 0.66328125 0.1 0.09375 0.0546875
0 0.625 0.20234375 0.09375 0.025
0 0.4984375 0.2640625 0.028125 0.03125
0 0.584375 0.23515625 0.034375 0.0296875
0 0.4859375 0.22578125 0.01875 0.009375
0 0.7875 0.15703125 0.16875 0.13125
0 0.84453125 0.2734375 0.2234375 0.12890625
0 0.98984375 0.3578125 0.0203125 0.13671875
0 0.95625 0.371875 0.04375 0.0375
0 0.80703125 0.42109375 0.1453125 0.0875
0 0.1859375 0.7578125 0.165625 0.10546875
0 0.17265625 0.61640625 0.0390625 0.0328125
0 0.22734375 0.5875 0.0734375 0.078125
0 0.53828125 0.55546875 0.5203125 0.428125
0 0.38125 0.88359375 0.24375 0.2046875
0 0.90078125 0.5265625 0.1296875 0.15
0 0.7828125 0.96875 0.21875 0.0625
0 0.70859375 0.834375 0.1890625 0.140625
0 0.8875 0.75 0.184375 0.3046875
0 0.67578125 0.25859375 0.0125 0.009375
0 0.03671875 0.18046875 0.009375 0.021875
0 0.01640625 0.1765625 0.0078125 0.015625
0 0.11875 0.05 0.0296875 0.021875