0 0.6296875 0.9484375 0.2078125 0.103125
0 0.8 0.9875 0.05625 0.025
0 0.04375 0.81328125 0.0875 0.109375
0 0.03515625 0.6390625 0.0625 0.08984375
0 0.19140625 0.90703125 0.1953125 0.1859375
0 0.28671875 0.565625 0.1515625 0.4046875
0 0.2359375 0.78515625 0.0375 0.021875
0 0.18125 0.61875 0.059375 0.290625
0 0.13984375 0.70390625 0.025 0.11875
0 0.475 0.60859375 0.2234375 0.2015625
0 0.69375 0.7125 0.209375 0.30859375
0 0.56640625 0.8140625 0.04375 0.0765625
0 0.50703125 0.81640625 0.0734375 0.040625
0 0.50625 0.953125 0.0125 0.01171875
0 0.6734375 0.496875 0.1 0.06875
0 0.88984375 0.5421875 0.084375 0.0765625
0 0.9109375 0.39765625 0.0734375 0.1328125
0 0.98203125 0.1984375 0.0359375 0.0484375
0 0.96171875 0.09296875 0.0375 0.021875
0 0.0109375 0.18046875 0.021875 0.03125
0 0.028125 0.25078125 0.05625 0.08984375
0 0.09296875 0.23359375 0.0640625 0.04296875
0 0.15546875 0.2484375 0.025 0.0234375
0 0.1671875 0.29609375 0.0484375 0.0640625
0 0.06953125 0.15234375 0.0640625 0.1
0 0.190625 0.1484375 0.0953125 0.1421875
0 0.1296875 0.05625 0.025 0.021875
0 0.17265625 0.03984375 0.0171875 0.025
0 0.2078125 0.0515625 0.0203125 0.025
0 0.30078125 0.03203125 0.0875 0.0640625
0 0.3 0.13125 0.115625 0.12109375
0 0.365625 0.2 0.0484375 0.02734375
0 0.24609375 0.2375 0.021875 0.015625
0 0.35 0.23515625 0.0265625 0.01953125
0 0.265625 0.27421875 0.0140625 0.01171875
0 0.34609375 0.353125 0.015625 0.0140625
0 0.3875 0.3984375 0.0546875 0.0546875
0 0.61953125 0.38203125 0.0796875 0.0765625
0 0.5421875 0.371875 0.04375 0.040625
0 0.734375 0.4359375 0.0375 0.046875
0 0.7953125 0.3328125 0.059375 0.0625
0 0.75 0.321875 0.0234375 0.02734375
0 0.71796875 0.31328125 0.0109375 0.015625
0 0.76875 0.259375 0.0234375 0.03125
0 0.8859375 0.315625 0.0140625 0.0171875
0 0.61640625 0.24296875 0.2234375 0.1078125
0 0.67109375 0.1796875 0.0328125 0.0171875
0 0.61484375 0.184375 0.0140625 0.01171875
0 0.61796875 0.0890625 0.071875 0.0640625
0 0.51640625 0.1390625 0.10625 0.1015625
0 0.4171875 0.1890625 0.0296875 0.021875
0 0.42890625 0.0921875 0.0640625 0.046875
0 0.44609375 0.1421875 0.0328125 0.025
0 0.36796875 0.1421875 0.0125 0.03125
0 0.19453125 0.34453125 0.0078125 0.0140625
0 0.32109375 0.3109375 0.009375 0.0140625
0 0.4421875 0.246875 0.0140625 0.015625
0 0.36953125 0.33984375 0.0140625 0.01953125
0 0.85234375 0.28046875 0.025 0.025
0 0.1140625 0.003125 0.0109375 0.00625
0 0.45078125 0.80546875 0.0125 0.01171875