0 0.03359375 0.009375 0.0234375 0.01875
0 0.3015625 0.0203125 0.0421875 0.040625
0 0.6328125 0.0453125 0.2828125 0.08984375
0 0.57109375 0.13125 0.121875 0.0796875
0 0.84453125 0.0890625 0.121875 0.178125
0 0.7703125 0.15546875 0.028125 0.03125
0 0.7390625 0.1625 0.009375 0.01171875
0 0.84140625 0.23515625 0.1109375 0.0859375
0 0.92578125 0.24296875 0.0296875 0.040625
0 0.91328125 0.196875 0.0140625 0.009375
0 0.61484375 0.25 0.1296875 0.1109375
0 0.4265625 0.09375 0.0640625 0.06875
0 0.4640625 0.234375 0.1078125 0.1171875
0 0.084375 0.24296875 0.1125 0.171875
0 0.15859375 0.29765625 0.025 0.0234375
0 0.0984375 0.11328125 0.08125 0.08984375
0 0.04609375 0.12109375 0.0140625 0.01171875
0 0.0046875 0.075 0.009375 0.0171875
0 0.31796875 0.2203125 0.1765625 0.196875
0 0.36328125 0.36875 0.0921875 0.10546875
0 0.21953125 0.1828125 0.01875 0.0703125
0 0.2015625 0.19921875 0.0171875 0.0296875
0 0.18828125 0.175 0.0125 0.0171875
0 0.171875 0.17109375 0.0140625 0.015625
0 0.15234375 0.15 0.0125 0.01171875
0 0.284375 0.08125 0.009375 0.0140625
0 0.953125 0.43671875 0.09375 0.25625
0 0.890625 0.36640625 0.0359375 0.04296875
0 0.8546875 0.5140625 0.1015625 0.1265625
0 0.484375 0.46875 0.1296875 0.15625
0 0.3375 0.4859375 0.159375 0.11328125
0 0.24921875 0.478125 0.0171875 0.01953125
0 0.203125 0.4515625 0.0453125 0.046875
0 0.2015625 0.60546875 0.0640625 0.234375
0 0.15390625 0.58671875 0.0328125 0.0765625
0 0.159375 0.6875 0.0171875 0.046875
0 0.25 0.6828125 0.03125 0.084375
0 0.2390625 0.74140625 0.03125 0.0375
0 0.32421875 0.62578125 0.0765625 0.115625
0 0.353125 0.796875 0.1421875 0.21484375
0 0.44609375 0.73828125 0.0453125 0.08984375
0 0.53359375 0.73359375 0.0921875 0.13671875
0 0.46953125 0.675 0.0296875 0.04296875
0 0.75703125 0.55 0.071875 0.071875
0 0.9328125 0.678125 0.0921875 0.0953125
0 0.9609375 0.60078125 0.0578125 0.0625
0 0.8140625 0.68125 0.08125 0.125
0 0.8640625 0.671875 0.0140625 0.015625
0 0.73125 0.63125 0.0859375 0.0640625
0 0.72578125 0.7046875 0.0515625 0.046875
0 0.79375 0.775 0.0609375 0.0546875
0 0.746875 0.8265625 0.04375 0.040625
0 0.690625 0.521875 0.021875 0.02734375
0 0.98203125 0.81171875 0.0359375 0.05625
0 0.86640625 0.95390625 0.15 0.0921875
0 0.8859375 0.8953125 0.034375 0.02734375
0 0.82421875 0.8453125 0.0234375 0.040625
0 0.79296875 0.86328125 0.0171875 0.0171875
0 0.6375 0.98203125 0.103125 0.0359375
0 0.75703125 0.9828125 0.025 0.021875
0 0.77578125 0.95390625 0.0171875 0.021875
0 0.57421875 0.6125 0.025 0.01953125
0 0.63671875 0.66484375 0.0609375 0.103125
0 0.5671875 0.534375 0.0265625 0.01953125
0 0.43046875 0.9921875 0.0125 0.015625
0 0.46953125 0.98125 0.0359375 0.0375
0 0.28046875 0.34765625 0.0140625 0.0171875
0 0.64140625 0.496875 0.009375 0.0078125