0 0.04765625 0.69609375 0.0953125 0.3375
0 0.15859375 0.7625 0.1 0.103125
0 0.24140625 0.74921875 0.0671875 0.0921875
0 0.028125 0.98125 0.05625 0.0375
0 0.0890625 0.9921875 0.03125 0.015625
0 0.378125 0.8828125 0.171875 0.1953125
0 0.0171875 0.2984375 0.0328125 0.05078125
0 0.1671875 0.61640625 0.0375 0.0375
0 0.234375 0.590625 0.0609375 0.0703125
0 0.16796875 0.46171875 0.059375 0.1109375
0 0.10078125 0.49296875 0.01875 0.046875
0 0.0859375 0.3671875 0.015625 0.0171875
0 0.184375 0.36015625 0.0734375 0.06640625
0 0.4796875 0.9734375 0.015625 0.01171875
0 0.7921875 0.9703125 0.1953125 0.05859375
0 0.6703125 0.97578125 0.0140625 0.0140625
0 0.09375 0.27734375 0.0671875 0.07421875
0 0.08984375 0.19140625 0.05625 0.08984375
0 0.03984375 0.18125 0.021875 0.01953125
0 0.02109375 0.17265625 0.0109375 0.01953125
0 0.01328125 0.1046875 0.0265625 0.03125
0 0.03984375 0.00625 0.0203125 0.01171875
0 0.025 0.06953125 0.0234375 0.021875
0 0.0421875 0.084375 0.015625 0.021875
0 0.5421875 0.55 0.446875 0.3828125
0 0.4375 0.7609375 0.0140625 0.01171875
0 0.7765625 0.4 0.0234375 0.0375
0 0.846875 0.4234375 0.075 0.0796875
0 0.1234375 0.053125 0.0328125 0.02734375
0 0.0828125 0.12421875 0.0203125 0.021875
0 0.140625 0.1328125 0.0484375 0.0875
0 0.1828125 0.14765625 0.0296875 0.0453125
0 0.17265625 0.24140625 0.0609375 0.0796875
0 0.25 0.184375 0.053125 0.11875
0 0.21015625 0.20625 0.0078125 0.009375
0 0.32734375 0.14921875 0.0765625 0.1546875
0 0.28359375 0.19609375 0.009375 0.015625
0 0.403125 0.27265625 0.03125 0.05625
0 0.846875 0.27734375 0.21875 0.125
0 0.990625 0.32109375 0.01875 0.0375
0 0.98125 0.390625 0.0375 0.05078125
0 0.94609375 0.36875 0.0109375 0.01171875
0 0.88828125 0.69921875 0.209375 0.44375
0 0.775 0.80390625 0.0140625 0.03125
0 0.73984375 0.8578125 0.0734375 0.0703125
0 0.67421875 0.83515625 0.053125 0.0375
0 0.39296875 0.225 0.0265625 0.02734375
0 0.4078125 0.1890625 0.01875 0.025
0 0.43828125 0.13203125 0.0328125 0.03515625
0 0.45078125 0.08671875 0.0453125 0.046875
0 0.546875 0.02734375 0.0578125 0.0546875
0 0.42890625 0.01875 0.025 0.021875
0 0.3875 0.028125 0.0234375 0.015625
0 0.28984375 0.0234375 0.0109375 0.0171875
0 0.45625 0.03203125 0.0140625 0.01953125
0 0.59765625 0.11640625 0.0140625 0.01171875
0 0.58203125 0.06328125 0.01875 0.021875
0 0.67109375 0.10546875 0.090625 0.0546875
0 0.7578125 0.15625 0.05625 0.103125
0 0.8484375 0.13125 0.0296875 0.03515625
0 0.80390625 0.14453125 0.0140625 0.015625
0 0.596875 0.20390625 0.0234375 0.021875
0 0.66328125 0.2015625 0.025 0.01953125
0 0.5625 0.35078125 0.040625 0.01171875
0 0.50078125 0.2625 0.009375 0.015625
0 0.53125 0.13359375 0.1203125 0.109375
0 0.4875 0.22734375 0.021875 0.01953125
0 0.628125 0.815625 0.015625 0.0234375