0 0.2453125 0.94453125 0.159375 0.1109375
0 0.2734375 0.7578125 0.2796875 0.25
0 0.18671875 0.5703125 0.078125 0.06875
0 0.31328125 0.47265625 0.1703125 0.11328125
0 0.06171875 0.521875 0.0390625 0.053125
0 0.02578125 0.5921875 0.0171875 0.021875
0 0.30234375 0.034375 0.1109375 0.06640625
0 0.27421875 0.1609375 0.1328125 0.16796875
0 0.165625 0.2640625 0.0234375 0.0375
0 0.86328125 0.2046875 0.2015625 0.2421875
0 0.825 0.4015625 0.0890625 0.1546875
0 0.9421875 0.4265625 0.115625 0.2015625
0 0.98359375 0.2484375 0.0328125 0.1546875
0 0.69453125 0.26953125 0.08125 0.1078125
0 0.69375 0.053125 0.0125 0.0140625
0 0.55078125 0.0140625 0.05 0.02734375
0 0.85390625 0.0109375 0.0375 0.021875
0 0.7765625 0.73359375 0.159375 0.26953125
0 0.85 0.56875 0.040625 0.05078125
0 0.996875 0.03828125 0.00625 0.021875
0 0.315625 0.271875 0.0640625 0.0546875
0 0.278125 0.328125 0.0453125 0.02734375
0 0.36875 0.234375 0.0375 0.0703125
0 0.42734375 0.29609375 0.06875 0.1234375
0 0.3859375 0.32421875 0.0125 0.021875
0 0.4734375 0.13359375 0.19375 0.15625
0 0.37109375 0.13125 0.009375 0.0171875
0 0.35390625 0.0984375 0.0171875 0.015625
0 0.57109375 0.25078125 0.1171875 0.078125
0 0.5984375 0.35078125 0.0671875 0.115625
0 0.6453125 0.2953125 0.0140625 0.03515625
0 0.58515625 0.19921875 0.0140625 0.0234375
0 0.0171875 0.4859375 0.0078125 0.009375
0 0.27421875 0.609375 0.0953125 0.05078125
0 0.35078125 0.5640625 0.0109375 0.015625
0 0.2265625 0.40625 0.0109375 0.01953125
0 0.39921875 0.3875 0.009375 0.01953125
0 0.52734375 0.9265625 0.0078125 0.01953125
0 0.09609375 0.340625 0.015625 0.0140625
0 0.49296875 0.046875 0.0171875 0.015625