0 0.01640625 0.03203125 0.0328125 0.0625
0 0.10234375 0.18359375 0.115625 0.2640625
0 0.17109375 0.28125 0.021875 0.03515625
0 0.946875 0.47265625 0.10625 0.2796875
0 0.94375 0.68125 0.1125 0.1390625
0 0.85703125 0.5375 0.071875 0.11328125
0 0.98359375 0.834375 0.0328125 0.06875
0 0.8625 0.96484375 0.14375 0.0703125
0 0.88203125 0.9125 0.034375 0.03515625
0 0.75625 0.9890625 0.0171875 0.021875
0 0.77421875 0.96796875 0.0125 0.0171875
0 0.634375 0.9859375 0.0609375 0.02734375
0 0.4640625 0.98359375 0.03125 0.0328125
0 0.6578125 0.05078125 0.2890625 0.1015625
0 0.8734375 0.10859375 0.1453125 0.178125
0 0.86875 0.24921875 0.1109375 0.0859375
0 0.94375 0.2609375 0.0296875 0.0390625
0 0.9359375 0.2171875 0.009375 0.0234375
0 0.59609375 0.140625 0.1296875 0.0796875
0 0.62890625 0.246875 0.1265625 0.1171875
0 0.4796875 0.2328125 0.1125 0.11328125
0 0.44921875 0.090625 0.0671875 0.07421875
0 0.32578125 0.015625 0.0359375 0.03125
0 0.303125 0.203125 0.1375 0.18125
0 0.37421875 0.3578125 0.0859375 0.125
0 0.3953125 0.26640625 0.0484375 0.053125
0 0.209375 0.1609375 0.0140625 0.021875
0 0.171875 0.1328125 0.0140625 0.0140625
0 0.1890625 0.15703125 0.0125 0.0140625
0 0.30078125 0.0671875 0.01875 0.0234375
0 0.278125 0.04609375 0.0125 0.01171875
0 0.290625 0.340625 0.0125 0.0171875
0 0.346875 0.484375 0.1578125 0.1328125
0 0.21171875 0.4359375 0.0390625 0.046875
0 0.2046875 0.596875 0.0640625 0.228125
0 0.16171875 0.6765625 0.0234375 0.05078125
0 0.1578125 0.575 0.0328125 0.07421875
0 0.25 0.6828125 0.03125 0.10546875
0 0.228125 0.725 0.015625 0.02734375
0 0.334375 0.61875 0.0859375 0.125
0 0.25390625 0.4671875 0.028125 0.01953125
0 0.49453125 0.4703125 0.1375 0.1578125
0 0.35546875 0.78828125 0.146875 0.2109375
0 0.521875 0.72734375 0.125 0.16015625
0 0.44453125 0.74140625 0.0296875 0.084375
0 0.78828125 0.1671875 0.0265625 0.03125
0 0.80390625 0.25078125 0.0125 0.01171875
0 0.76328125 0.56640625 0.0703125 0.06640625
0 0.8 0.65625 0.08125 0.05625
0 0.82578125 0.72734375 0.0859375 0.078125
0 0.728125 0.63984375 0.0609375 0.05625
0 0.7015625 0.53203125 0.0140625 0.01953125
0 0.64140625 0.6765625 0.059375 0.103125
0 0.58125 0.62109375 0.0234375 0.04296875
0 0.5765625 0.5359375 0.0203125 0.0234375
0 0.73359375 0.7140625 0.05 0.0453125
0 0.653125 0.609375 0.009375 0.01171875
0 0.80078125 0.796875 0.053125 0.0453125
0 0.79296875 0.87578125 0.0109375 0.0296875
0 0.8171875 0.8578125 0.028125 0.03515625
0 0.7453125 0.8421875 0.0328125 0.046875
0 0.65234375 0.50625 0.0125 0.0171875
0 0.6921875 0.6140625 0.009375 0.0140625
0 0.40625 0.1375 0.028125 0.025
0 0.42578125 0.99296875 0.009375 0.0140625