0 0.00859375 0.03046875 0.0171875 0.0609375
0 0.68125 0.05 0.225 0.1
0 0.53515625 0.05078125 0.0640625 0.1015625
0 0.5875 0.1390625 0.1265625 0.0765625
0 0.88125 0.10625 0.1515625 0.1796875
0 0.78828125 0.16796875 0.0375 0.03125
0 0.865625 0.2515625 0.10625 0.0859375
0 0.94140625 0.2625 0.0296875 0.0390625
0 0.93125 0.2140625 0.0109375 0.015625
0 0.94140625 0.453125 0.1171875 0.23828125
0 0.85078125 0.5328125 0.06875 0.109375
0 0.94453125 0.6828125 0.1109375 0.12890625
0 0.965625 0.59453125 0.0546875 0.046875
0 0.76171875 0.56640625 0.0703125 0.0765625
0 0.325 0.0171875 0.0328125 0.03125
0 0.4453125 0.09375 0.0609375 0.07421875
0 0.47734375 0.234375 0.10625 0.11875
0 0.62734375 0.2546875 0.1296875 0.1171875
0 0.10234375 0.18359375 0.1125 0.2640625
0 0.17265625 0.28046875 0.025 0.0390625
0 0.16875 0.1390625 0.0109375 0.01953125
0 0.371875 0.334375 0.0875 0.16796875
0 0.30078125 0.18359375 0.14375 0.1328125
0 0.2796875 0.275 0.05 0.046875
0 0.20859375 0.17265625 0.0234375 0.05078125
0 0.18828125 0.159375 0.0125 0.021875
0 0.30078125 0.0734375 0.0125 0.0140625
0 0.4046875 0.140625 0.021875 0.01953125
0 0.3265625 0.4859375 0.1703125 0.12109375
0 0.4890625 0.46796875 0.1515625 0.146875
0 0.21015625 0.440625 0.0453125 0.046875
0 0.20625 0.5953125 0.0609375 0.2265625
0 0.253125 0.6921875 0.0375 0.1109375
0 0.22890625 0.7234375 0.009375 0.0296875
0 0.165625 0.6796875 0.0234375 0.05078125
0 0.15703125 0.575 0.0375 0.07421875
0 0.3359375 0.62109375 0.0984375 0.11875
0 0.3765625 0.78984375 0.1953125 0.22265625
0 0.53359375 0.74609375 0.1171875 0.12890625
0 0.47578125 0.665625 0.034375 0.0296875
0 0.72265625 0.63671875 0.0703125 0.0640625
0 0.8703125 0.96484375 0.15625 0.0703125
0 0.7625 0.97734375 0.034375 0.0453125
0 0.6265625 0.9875 0.0640625 0.025
0 0.46171875 0.98203125 0.0296875 0.0359375
0 0.98515625 0.83203125 0.0296875 0.0609375
0 0.7984375 0.65625 0.084375 0.05078125
0 0.73203125 0.7140625 0.05 0.04296875
0 0.82109375 0.7265625 0.0796875 0.0703125
0 0.79140625 0.8765625 0.0171875 0.0171875
0 0.8203125 0.8578125 0.0171875 0.0328125
0 0.88125 0.91328125 0.040625 0.02734375
0 0.7421875 0.8390625 0.0328125 0.04296875
0 0.80078125 0.78984375 0.0609375 0.05625
0 0.640625 0.671875 0.065625 0.0875
0 0.57890625 0.61796875 0.028125 0.0375
0 0.69921875 0.53515625 0.021875 0.01953125
0 0.5765625 0.534375 0.0171875 0.021875
0 0.8015625 0.2515625 0.009375 0.015625
0 0.6515625 0.5046875 0.0125 0.01171875
0 0.65234375 0.609375 0.0109375 0.01171875
0 0.91171875 0.828125 0.009375 0.015625
0 0.4265625 0.9890625 0.0125 0.015625
0 0.29140625 0.3421875 0.0125 0.01953125