0 0.04765625 0.00703125 0.025 0.0140625
0 0.3109375 0.021875 0.0359375 0.04296875
0 0.00859375 0.046875 0.0171875 0.0625
0 0.10859375 0.1109375 0.0875 0.0953125
0 0.08984375 0.2453125 0.1140625 0.16796875
0 0.05546875 0.1171875 0.01875 0.015625
0 0.434375 0.1 0.0609375 0.071875
0 0.67421875 0.05078125 0.2296875 0.1015625
0 0.51953125 0.05078125 0.04375 0.1015625
0 0.54921875 0.05 0.0109375 0.025
0 0.57890625 0.13984375 0.11875 0.0796875
0 0.59765625 0.25078125 0.090625 0.1015625
0 0.66171875 0.259375 0.0375 0.09765625
0 0.61328125 0.19140625 0.0140625 0.0140625
0 0.86328125 0.10546875 0.1296875 0.165625
0 0.7828125 0.1640625 0.0296875 0.0375
0 0.85 0.25 0.1078125 0.084375
0 0.93203125 0.259375 0.0296875 0.0375
0 0.92109375 0.21015625 0.009375 0.0171875
0 0.46953125 0.23828125 0.1078125 0.11328125
0 0.93671875 0.46015625 0.11875 0.26171875
0 0.9328125 0.696875 0.096875 0.09375
0 0.96328125 0.62109375 0.0609375 0.0609375
0 0.84453125 0.53125 0.071875 0.11328125
0 0.759375 0.559375 0.071875 0.0703125
0 0.69453125 0.53515625 0.0203125 0.021875
0 0.29921875 0.2125 0.1515625 0.18125
0 0.20234375 0.184375 0.025 0.040625
0 0.159375 0.1484375 0.0125 0.0140625
0 0.17890625 0.16875 0.0140625 0.015625
0 0.16328125 0.29609375 0.01875 0.03125
0 0.36953125 0.3625 0.0890625 0.11875
0 0.3953125 0.2765625 0.034375 0.0453125
0 0.2859375 0.34765625 0.0109375 0.015625
0 0.35390625 0.4875 0.1390625 0.109375
0 0.4671875 0.47265625 0.084375 0.140625
0 0.53515625 0.45390625 0.053125 0.08984375
0 0.5140625 0.40234375 0.0109375 0.015625
0 0.26484375 0.49375 0.040625 0.071875
0 0.20546875 0.4484375 0.0453125 0.046875
0 0.2046875 0.60234375 0.0609375 0.23046875
0 0.15546875 0.58671875 0.0296875 0.071875
0 0.1609375 0.690625 0.0296875 0.0546875
0 0.253125 0.69453125 0.0328125 0.109375
0 0.23046875 0.734375 0.009375 0.03515625
0 0.32890625 0.62421875 0.084375 0.12109375
0 0.35078125 0.790625 0.1390625 0.2125
0 0.44453125 0.740625 0.0484375 0.0765625
0 0.53515625 0.7359375 0.10625 0.13125
0 0.46796875 0.678125 0.0328125 0.04296875
0 0.57734375 0.62109375 0.025 0.03515625
0 0.98203125 0.8234375 0.0359375 0.0640625
0 0.79609375 0.653125 0.0921875 0.0640625
0 0.7265625 0.63125 0.0453125 0.04296875
0 0.7453125 0.6625 0.009375 0.0140625
0 0.7296875 0.709375 0.05625 0.0453125
0 0.81953125 0.7203125 0.0859375 0.0640625
0 0.62890625 0.64765625 0.0515625 0.053125
0 0.6453125 0.696875 0.0484375 0.05078125
0 0.29140625 0.08125 0.009375 0.015625
0 0.571875 0.5359375 0.0203125 0.021875
0 0.646875 0.50625 0.0125 0.0140625
0 0.465625 0.98515625 0.0328125 0.0296875
0 0.63125 0.984375 0.0484375 0.03125
0 0.86640625 0.9625 0.1578125 0.07421875
0 0.77578125 0.965625 0.01875 0.021875
0 0.7546875 0.98828125 0.0203125 0.0234375
0 0.8859375 0.90703125 0.028125 0.03515625
0 0.8171875 0.85234375 0.0265625 0.040625
0 0.79453125 0.87109375 0.0140625 0.0234375
0 0.396875 0.1453125 0.0265625 0.01953125
0 0.7484375 0.17109375 0.0078125 0.009375
0 0.53046875 0.5265625 0.009375 0.01171875
0 0.69609375 0.628125 0.0125 0.0171875
0 0.74453125 0.8375 0.0375 0.0453125
0 0.79765625 0.78203125 0.05625 0.0609375
0 0.4296875 0.99375 0.009375 0.01171875
0 0.41953125 0.9734375 0.0109375 0.015625
0 0.7625 0.1640625 0.0046875 0.01171875