0 0.10234375 0.66796875 0.2046875 0.303125
0 0.309375 0.49375 0.2109375 0.22265625
0 0.2375 0.6953125 0.06875 0.1796875
0 0.06953125 0.840625 0.0375 0.040625
0 0.0984375 0.43046875 0.196875 0.1734375
0 0.11171875 0.203125 0.2 0.25
0 0.22421875 0.115625 0.0109375 0.009375
0 0.37421875 0.0140625 0.0875 0.02734375
0 0.4453125 0.03515625 0.021875 0.03515625
0 0.975 0.07890625 0.0296875 0.03125
0 0.9921875 0.271875 0.015625 0.0453125
0 0.69453125 0.04375 0.0375 0.03125
0 0.60234375 0.0140625 0.0171875 0.021875
0 0.6640625 0.0296875 0.009375 0.009375
0 0.8703125 0.0046875 0.0125 0.009375
0 0.50703125 0.93671875 0.015625 0.0140625
0 0.8609375 0.371875 0.153125 0.240625
0 0.99375 0.475 0.0125 0.0171875
0 0.88125 0.21796875 0.0171875 0.0171875
0 0.71171875 0.23125 0.059375 0.0953125
0 0.0140625 0.00390625 0.0171875 0.0078125
0 0.13359375 0.00390625 0.0140625 0.0078125
0 0.58359375 0.52421875 0.31875 0.3140625
0 0.42890625 0.31875 0.0828125 0.09375
0 0.5765625 0.3265625 0.159375 0.0796875