0 0.321875 0.03046875 0.075 0.0609375
0 0.75703125 0.02734375 0.15 0.0546875
0 0.796875 0.109375 0.1078125 0.1015625
0 0.86484375 0.0609375 0.0140625 0.021875
0 0.88203125 0.1046875 0.03125 0.0453125
0 0.48515625 0.0421875 0.1421875 0.084375
0 0.53984375 0.15546875 0.146875 0.12890625
0 0.38125 0.171875 0.096875 0.11875
0 0.0109375 0.184375 0.021875 0.1796875
0 0.91953125 0.3265625 0.1609375 0.2875
0 0.81953125 0.421875 0.0375 0.12890625
0 0.9484375 0.55625 0.103125 0.16796875
0 0.73671875 0.46796875 0.084375 0.0921875
0 0.80859375 0.615625 0.1328125 0.15625
0 0.6984375 0.5578125 0.0875 0.05078125
0 0.71796875 0.64140625 0.0484375 0.0640625
0 0.75078125 0.78125 0.0484375 0.05078125
0 0.80703125 0.7203125 0.0609375 0.0609375
0 0.81171875 0.81171875 0.021875 0.04296875
0 0.84296875 0.78046875 0.025 0.040625
0 0.92265625 0.90234375 0.1265625 0.109375
0 0.91875 0.82890625 0.05 0.03515625
0 0.84765625 0.890625 0.021875 0.021875
0 0.84296875 0.93828125 0.0328125 0.025
0 0.80546875 0.9171875 0.0171875 0.0171875
0 0.790625 0.95234375 0.0328125 0.0296875
0 0.90625 0.98203125 0.05 0.0359375
0 0.66875 0.9796875 0.1171875 0.040625
0 0.82421875 0.8453125 0.009375 0.0140625
0 0.9375 0.728125 0.0109375 0.0171875
0 0.18203125 0.184375 0.115625 0.203125
0 0.10625 0.1671875 0.0171875 0.0625
0 0.15 0.03046875 0.009375 0.015625
0 0.16484375 0.040625 0.009375 0.0171875
0 0.28203125 0.0890625 0.0296875 0.03125
0 0.06953125 0.15546875 0.0125 0.0171875
0 0.046875 0.2890625 0.0265625 0.05078125
0 0.28203125 0.2953125 0.084375 0.2046875
0 0.234375 0.30859375 0.0140625 0.0375
0 0.32109375 0.17890625 0.0109375 0.0140625
0 0.659375 0.44921875 0.0203125 0.021875
0 0.3828125 0.4375 0.0828125 0.1546875
0 0.46328125 0.40546875 0.0734375 0.09375
0 0.459375 0.35 0.0171875 0.015625
0 0.4734375 0.47578125 0.0078125 0.0078125
0 0.24609375 0.46875 0.1890625 0.12890625
0 0.11015625 0.45234375 0.05 0.0609375
0 0.11328125 0.625 0.075 0.26171875
0 0.06015625 0.61875 0.0296875 0.084375
0 0.178125 0.7234375 0.0546875 0.134375
0 0.26328125 0.62578125 0.0984375 0.1390625
0 0.309375 0.815625 0.1796875 0.2515625
0 0.41953125 0.7421875 0.0359375 0.0765625
0 0.50859375 0.7140625 0.109375 0.171875
0 0.43125 0.6546875 0.04375 0.053125
0 0.5359375 0.56640625 0.0296875 0.040625
0 0.5984375 0.596875 0.0515625 0.06640625
0 0.61875 0.6578125 0.0484375 0.053125
0 0.64140625 0.61796875 0.0234375 0.03125
0 0.525 0.4828125 0.034375 0.021875
0 0.60078125 0.43046875 0.0125 0.0171875
0 0.184375 0.32734375 0.0140625 0.0171875
0 0.67265625 0.04765625 0.0140625 0.01171875
0 0.73359375 0.12109375 0.0125 0.0171875
0 0.05 0.153125 0.0109375 0.0140625
0 0.10234375 0.12421875 0.0109375 0.01171875
0 0.0796875 0.171875 0.0078125 0.01171875
0 0.42734375 0.9921875 0.0109375 0.015625
0 0.4640625 0.99765625 0.021875 0.0046875
0 0.83671875 0.9890625 0.0171875 0.01953125
0 0.871875 0.97578125 0.0109375 0.021875
0 0.996875 0.7296875 0.00625 0.021875
0 0.79765625 0.51171875 0.0109375 0.01171875
0 0.61953125 0.5453125 0.0140625 0.0171875
0 0.51484375 0.4296875 0.0125 0.0140625