0 0.18203125 0.9796875 0.0796875 0.040625
0 0.01640625 0.76484375 0.0328125 0.1640625
0 0.80859375 0.5609375 0.3828125 0.19140625
0 0.834375 0.7234375 0.2703125 0.134375
0 0.940625 0.88359375 0.11875 0.19140625
0 0.775 0.96640625 0.159375 0.0671875
0 0.67109375 0.7875 0.05625 0.1890625
0 0.73515625 0.8359375 0.06875 0.0953125
0 0.59296875 0.9234375 0.0984375 0.15234375
0 0.65546875 0.92890625 0.0140625 0.03125
0 0.703125 0.928125 0.0171875 0.015625
0 0.47890625 0.95390625 0.028125 0.02734375
0 0.384375 0.9703125 0.0109375 0.015625
0 0.9609375 0.253125 0.078125 0.1265625
0 0.9953125 0.13125 0.009375 0.025
0 0.03828125 0.44609375 0.0765625 0.384375
0 0.1328125 0.44375 0.109375 0.26171875
0 0.08828125 0.59375 0.01875 0.03125
0 0.24609375 0.3375 0.115625 0.1640625
0 0.278125 0.215625 0.0828125 0.07421875
0 0.16328125 0.6796875 0.134375 0.1640625
0 0.26875 0.6703125 0.08125 0.1015625
0 0.05625 0.07109375 0.1078125 0.115625
0 0.1515625 0.0421875 0.0765625 0.084375
0 0.1890625 0.14765625 0.08125 0.0640625
0 0.14140625 0.15546875 0.0171875 0.0171875
0 0.1078125 0.1890625 0.0328125 0.040625
0 0.22421875 0.0125 0.028125 0.01953125
0 0.40078125 0.04765625 0.1046875 0.0953125
0 0.28203125 0.0484375 0.0828125 0.0484375
0 0.3 0.1328125 0.04375 0.0546875
0 0.21953125 0.06875 0.0171875 0.015625
0 0.4515625 0.1453125 0.0765625 0.0703125
0 0.41328125 0.33515625 0.1640625 0.25
0 0.49921875 0.4921875 0.1546875 0.0640625
0 0.53671875 0.42578125 0.08125 0.0640625
0 0.60390625 0.4171875 0.0375 0.05078125
0 0.31171875 0.46953125 0.040625 0.01171875
0 0.6421875 0.23125 0.0421875 0.040625
0 0.2890625 0.00390625 0.009375 0.0078125
0 0.98984375 0.0046875 0.0203125 0.009375