0 0.04296875 0.0078125 0.0515625 0.015625
0 0.02265625 0.09453125 0.0453125 0.0765625
0 0.01640625 0.3015625 0.0328125 0.0609375
0 0.01953125 0.18359375 0.0375 0.0390625
0 0.503125 0.5515625 0.29375 0.42578125
0 0.715625 0.6421875 0.128125 0.1796875
0 0.3390625 0.6734375 0.0390625 0.1109375
0 0.36796875 0.875 0.1828125 0.2203125
0 0.4828125 0.95625 0.0390625 0.046875
0 0.1890625 0.759375 0.1625 0.11328125
0 0.0421875 0.6890625 0.084375 0.3296875
0 0.84296875 0.275 0.2203125 0.134375
0 0.8390625 0.41875 0.0828125 0.0796875
0 0.765625 0.39921875 0.0453125 0.03515625
0 0.88359375 0.5515625 0.1 0.0765625
0 0.94609375 0.4875 0.0375 0.053125
0 0.87578125 0.753125 0.1921875 0.3203125
0 0.75234375 0.85078125 0.053125 0.109375
0 0.6859375 0.84453125 0.0765625 0.05625
0 0.6296875 0.8140625 0.0171875 0.021875
0 0.78984375 0.96953125 0.203125 0.0609375
0 0.91875 0.49375 0.015625 0.0171875
0 0.98125 0.39140625 0.0375 0.046875
0 0.94609375 0.365625 0.0171875 0.015625
0 0.9921875 0.31875 0.015625 0.02734375
0 0.74765625 0.1546875 0.0890625 0.1015625
0 0.8015625 0.1421875 0.0171875 0.021875
0 0.8515625 0.13125 0.0421875 0.040625
0 0.671875 0.10625 0.0640625 0.04296875
0 0.65703125 0.2015625 0.0234375 0.0234375
0 0.53984375 0.1359375 0.1203125 0.1015625
0 0.5515625 0.03203125 0.06875 0.0640625
0 0.57734375 0.0734375 0.0140625 0.01171875
0 0.2328125 0.58671875 0.0640625 0.0765625
0 0.16484375 0.6171875 0.0296875 0.03515625
0 0.16953125 0.44375 0.0515625 0.0765625
0 0.14765625 0.50703125 0.0140625 0.01953125
0 0.0890625 0.28203125 0.06875 0.06640625
0 0.0875 0.19453125 0.053125 0.0953125
0 0.07890625 0.1265625 0.0203125 0.021875
0 0.315625 0.15 0.0765625 0.1625
0 0.2453125 0.2078125 0.0609375 0.084375
0 0.1703125 0.23828125 0.0640625 0.0796875
0 0.20703125 0.209375 0.009375 0.01953125
0 0.1609375 0.15 0.0609375 0.0609375
0 0.2515625 0.140625 0.0234375 0.02734375
0 0.11796875 0.053125 0.0265625 0.0234375
0 0.13515625 0.1015625 0.046875 0.03125
0 0.384375 0.028125 0.028125 0.021875
0 0.42265625 0.0203125 0.0265625 0.0296875
0 0.4390625 0.10625 0.0609375 0.0796875
0 0.45625 0.03828125 0.015625 0.0296875
0 0.39765625 0.2578125 0.0375 0.0875
0 0.4125 0.17109375 0.01875 0.0375
0 0.1765625 0.359375 0.0640625 0.06640625
0 0.09609375 0.49375 0.0296875 0.046875
0 0.084375 0.3703125 0.0140625 0.0140625
0 0.58359375 0.23515625 0.025 0.0171875
0 0.60234375 0.20390625 0.0375 0.01953125
0 0.0296875 0.97734375 0.059375 0.0453125
0 0.08515625 0.99140625 0.025 0.0171875
0 0.496875 0.2625 0.0171875 0.0171875
0 0.55234375 0.32109375 0.021875 0.0375
0 0.4203125 0.32109375 0.009375 0.01171875
0 0.67109375 0.2578125 0.0125 0.01171875