0 0.1265625 0.978125 0.0703125 0.04296875
0 0.2234375 0.98359375 0.1 0.0328125
0 0.4625 0.98203125 0.165625 0.0359375
0 0.59296875 0.97578125 0.0171875 0.0296875
0 0.621875 0.984375 0.025 0.03125
0 0.809375 0.74609375 0.2671875 0.17578125
0 0.91328125 0.4765625 0.1734375 0.19140625
0 0.69453125 0.47578125 0.2625 0.33984375
0 0.521875 0.7265625 0.1953125 0.14453125
0 0.3 0.88984375 0.153125 0.1484375
0 0.2125 0.696875 0.2703125 0.2359375
0 0.37109375 0.7578125 0.046875 0.0640625
0 0.14609375 0.83515625 0.0203125 0.0171875
0 0.4703125 0.5515625 0.06875 0.0703125
0 0.40234375 0.60546875 0.0453125 0.0390625
0 0.42578125 0.56875 0.0078125 0.01171875
0 0.0046875 0.5671875 0.009375 0.06875
0 0.053125 0.603125 0.0171875 0.0234375
0 0.03671875 0.57890625 0.01875 0.0140625
0 0.0046875 0.5203125 0.009375 0.0171875
0 0.9640625 0.3046875 0.046875 0.053125
0 0.8546875 0.30625 0.025 0.02734375
0 0.94609375 0.23125 0.0625 0.040625
0 0.8140625 0.2078125 0.0546875 0.078125
0 0.87421875 0.19453125 0.065625 0.0703125
0 0.80625 0.08515625 0.096875 0.0921875
0 0.92265625 0.1828125 0.009375 0.0140625
0 0.6984375 0.13125 0.084375 0.0625
0 0.75234375 0.16796875 0.0140625 0.0296875
0 0.6453125 0.2015625 0.0875 0.06875
0 0.73125 0.22265625 0.0234375 0.02734375
0 0.0609375 0.271875 0.121875 0.2359375
0 0.28359375 0.434375 0.1296875 0.1859375
0 0.50546875 0.090625 0.2640625 0.17578125
0 0.459375 0.2703125 0.0734375 0.0484375
0 0.3578125 0.2265625 0.0390625 0.0484375
0 0.21015625 0.225 0.1796875 0.19921875
0 0.25859375 0.534375 0.0140625 0.015625
0 0.1359375 0.4203125 0.0140625 0.0171875
0 0.16953125 0.0359375 0.0328125 0.04296875
0 0.05859375 0.06328125 0.040625 0.02734375
0 0.30078125 0.01640625 0.0109375 0.0171875
0 0.20625 0.05546875 0.0234375 0.040625
0 0.3265625 0.07734375 0.028125 0.025
0 0.2890625 0.09375 0.0171875 0.0375
0 0.04296875 0.09296875 0.0328125 0.0234375
0 0.02890625 0.0671875 0.0109375 0.01953125
0 0.52265625 0.303125 0.0203125 0.0296875
0 0.41484375 0.21796875 0.01875 0.0640625
0 0.471875 0.2 0.0125 0.021875
0 0.33828125 0.1515625 0.0140625 0.015625
0 0.31796875 0.13984375 0.0125 0.0171875
0 0.325 0.11796875 0.0125 0.015625
0 0.53203125 0.184375 0.0109375 0.0171875
0 0.125 0.10078125 0.01875 0.0140625
0 0.12109375 0.0421875 0.0125 0.021875