0 0.0078125 0.75078125 0.015625 0.02734375
0 0.0359375 0.6046875 0.0125 0.0140625
0 0.0765625 0.53203125 0.0296875 0.046875
0 0.18671875 0.57734375 0.053125 0.0484375
0 0.175 0.28203125 0.0265625 0.02734375
0 0.303125 0.04296875 0.1265625 0.0859375
0 0.26875 0.1796875 0.1 0.146875
0 0.85078125 0.23359375 0.196875 0.2421875
0 0.97421875 0.309375 0.0515625 0.08984375
0 0.93515625 0.46796875 0.1203125 0.16796875
0 0.94375 0.3703125 0.028125 0.03125
0 0.815625 0.4265625 0.0765625 0.1484375
0 0.84296875 0.58984375 0.03125 0.05078125
0 0.76640625 0.7484375 0.15625 0.26171875
0 0.56796875 0.0109375 0.0796875 0.021875
0 0.5515625 0.03828125 0.040625 0.03125
0 0.4703125 0.16484375 0.165625 0.18359375
0 0.35546875 0.121875 0.0171875 0.0234375
0 0.5859375 0.25859375 0.06875 0.1
0 0.68671875 0.29296875 0.084375 0.103125
0 0.596875 0.37890625 0.08125 0.11875
0 0.525 0.27734375 0.0140625 0.0171875
0 0.54453125 0.2921875 0.0109375 0.021875
0 0.334375 0.28515625 0.0296875 0.0953125
0 0.42578125 0.321875 0.0765625 0.1234375
0 0.36640625 0.240625 0.0328125 0.0921875
0 0.3796875 0.15546875 0.0140625 0.03125
0 0.690625 0.0796875 0.0140625 0.015625
0 0.85625 0.0421875 0.021875 0.025
0 0.84140625 0.0078125 0.0171875 0.015625
0 0.9953125 0.0640625 0.009375 0.021875
0 0.94296875 0.0046875 0.0203125 0.009375
0 0.91328125 0.01484375 0.0140625 0.021875
0 0.74921875 0.003125 0.0328125 0.00625
0 0.30390625 0.2953125 0.0265625 0.046875
0 0.28203125 0.340625 0.0484375 0.025
0 0.315625 0.4890625 0.15625 0.11875
0 0.3015625 0.76171875 0.2296875 0.2265625
0 0.25703125 0.61875 0.08125 0.05859375
0 0.16796875 0.84375 0.04375 0.0765625
0 0.2359375 0.94296875 0.146875 0.1140625
0 0.525 0.9328125 0.0140625 0.009375
0 0.35546875 0.578125 0.0125 0.0171875
0 0.984375 0.74140625 0.0203125 0.01953125
0 0.4015625 0.409375 0.0125 0.0140625
0 0.76171875 0.42265625 0.009375 0.0140625
0 0.02734375 0.4984375 0.0125 0.0171875
0 0.22890625 0.4265625 0.0109375 0.0171875