0 0.04921875 0.08671875 0.0984375 0.1734375
0 0.115625 0.140625 0.0296875 0.04296875
0 0.25859375 0.078125 0.225 0.15625
0 0.35859375 0.2234375 0.1203125 0.13671875
0 0.39375 0.12421875 0.04375 0.06640625
0 0.48515625 0.08125 0.140625 0.13671875
0 0.5859375 0.00703125 0.040625 0.0140625
0 0.6671875 0.103125 0.165625 0.1546875
0 0.665625 0.0125 0.0328125 0.025
0 0.91328125 0.028125 0.1734375 0.05625
0 0.93984375 0.1140625 0.1203125 0.1
0 0.2546875 0.203125 0.0203125 0.0171875
0 0.13359375 0.53203125 0.1578125 0.3359375
0 0.3953125 0.37109375 0.3765625 0.1625
0 0.1546875 0.31875 0.053125 0.05625
0 0.1921875 0.35546875 0.0140625 0.015625
0 0.34296875 0.76484375 0.25 0.2875
0 0.3 0.54296875 0.125 0.1546875
0 0.54609375 0.70625 0.15625 0.16796875
0 0.46796875 0.6046875 0.0375 0.0328125
0 0.6046875 0.5453125 0.0328125 0.0609375
0 0.68125 0.62421875 0.084375 0.1421875
0 0.95 0.4546875 0.1 0.13671875
0 0.8328125 0.4890625 0.090625 0.08203125
0 0.990625 0.2734375 0.01875 0.0453125
0 0.75625 0.44921875 0.021875 0.021875
0 0.89453125 0.68671875 0.1 0.2359375
0 0.79609375 0.58515625 0.1046875 0.08984375
0 0.7921875 0.6703125 0.0609375 0.0765625
0 0.8109375 0.8296875 0.0390625 0.0453125
0 0.87578125 0.87890625 0.021875 0.0640625
0 0.9046875 0.86015625 0.021875 0.03515625
0 0.99296875 0.67890625 0.0140625 0.040625
0 0.95546875 0.65546875 0.021875 0.040625
0 0.9734375 0.9453125 0.053125 0.109375
0 0.91328125 0.97421875 0.0671875 0.0515625
0 0.8484375 0.98828125 0.028125 0.0234375
0 0.42265625 0.98828125 0.071875 0.0234375
0 0.55234375 0.2828125 0.0109375 0.0140625
0 0.6984375 0.53828125 0.009375 0.0171875
0 0.69765625 0.4125 0.0109375 0.015625
0 0.60390625 0.446875 0.025 0.021875
0 0.77421875 0.1484375 0.0109375 0.01171875
0 0.5109375 0.9078125 0.0140625 0.0140625