0 0.0359375 0.05546875 0.071875 0.1109375
0 0.08671875 0.084375 0.0265625 0.0296875
0 0.95390625 0.0640625 0.0921875 0.103125
0 0.6859375 0.0609375 0.175 0.12109375
0 0.48828125 0.04375 0.14375 0.0875
0 0.2921875 0.05 0.228125 0.1
0 0.3546875 0.171875 0.1234375 0.14453125
0 0.23671875 0.1453125 0.015625 0.01953125
0 0.27421875 0.3203125 0.178125 0.1390625
0 0.4796875 0.31875 0.234375 0.1578125
0 0.47109375 0.4078125 0.0203125 0.0171875
0 0.97109375 0.42578125 0.0578125 0.14453125
0 0.86796875 0.46015625 0.0890625 0.09375
0 0.778125 0.409375 0.025 0.025
0 0.93671875 0.67265625 0.1265625 0.25625
0 0.828125 0.55390625 0.0828125 0.0796875
0 0.771875 0.53203125 0.021875 0.040625
0 0.8234375 0.65546875 0.06875 0.0765625
0 0.834375 0.83125 0.0453125 0.053125
0 0.925 0.8796875 0.05625 0.0796875
0 0.95703125 0.978125 0.084375 0.04296875
0 0.1046875 0.4953125 0.1734375 0.3734375
0 0.12578125 0.271875 0.059375 0.06875
0 0.2796875 0.5109375 0.134375 0.1578125
0 0.290625 0.74375 0.19375 0.303125
0 0.5140625 0.6796875 0.253125 0.2421875
0 0.6203125 0.521875 0.0453125 0.0546875
0 0.703125 0.60546875 0.0984375 0.14453125
0 0.61328125 0.41015625 0.025 0.021875
0 0.7171875 0.371875 0.009375 0.015625
0 0.4078125 0.99375 0.0375 0.01171875