0 0.0078125 0.02734375 0.015625 0.0546875
0 0.021875 0.0578125 0.0125 0.021875
0 0.68125 0.05 0.2265625 0.1
0 0.5328125 0.05 0.0421875 0.1
0 0.55859375 0.04609375 0.00625 0.0140625
0 0.5921875 0.13671875 0.1296875 0.0765625
0 0.44609375 0.090625 0.059375 0.07421875
0 0.32109375 0.0203125 0.0328125 0.040625
0 0.09765625 0.18671875 0.1140625 0.25390625
0 0.1703125 0.2859375 0.021875 0.02734375
0 0.8765625 0.1109375 0.1671875 0.16796875
0 0.7828125 0.16796875 0.021875 0.02734375
0 0.8578125 0.2515625 0.1171875 0.084375
0 0.93984375 0.26171875 0.0296875 0.040625
0 0.9296875 0.2171875 0.015625 0.0171875
0 0.95703125 0.471875 0.0859375 0.26171875
0 0.89765625 0.3859375 0.03125 0.04296875
0 0.86640625 0.534375 0.096875 0.115625
0 0.94140625 0.6765625 0.1078125 0.146875
0 0.98125 0.834375 0.0375 0.06640625
0 0.8671875 0.96640625 0.14375 0.0671875
0 0.88203125 0.91015625 0.034375 0.040625
0 0.759375 0.978125 0.0375 0.04296875
0 0.63125 0.98359375 0.0671875 0.0328125
0 0.4609375 0.98359375 0.0328125 0.0328125
0 0.6265625 0.25703125 0.125 0.109375
0 0.47734375 0.23515625 0.1078125 0.1109375
0 0.30390625 0.20625 0.146875 0.18359375
0 0.37890625 0.35625 0.09375 0.115625
0 0.39921875 0.26171875 0.04375 0.0484375
0 0.2140625 0.1765625 0.0234375 0.046875
0 0.18828125 0.1578125 0.009375 0.0171875
0 0.17109375 0.1390625 0.0140625 0.01171875
0 0.29296875 0.0625 0.009375 0.01171875
0 0.76171875 0.56171875 0.06875 0.0765625
0 0.69609375 0.534375 0.0140625 0.021875
0 0.81328125 0.7234375 0.090625 0.1890625
0 0.82109375 0.85859375 0.025 0.0375
0 0.79140625 0.87421875 0.0109375 0.01953125
0 0.7453125 0.8421875 0.040625 0.05078125
0 0.7328125 0.7140625 0.0453125 0.0546875
0 0.7390625 0.64375 0.0546875 0.06640625
0 0.6984375 0.6296875 0.009375 0.0171875
0 0.65078125 0.609375 0.009375 0.01171875
0 0.65078125 0.50625 0.0109375 0.015625
0 0.3328125 0.4828125 0.1828125 0.10546875
0 0.49375 0.46875 0.1375 0.140625
0 0.5734375 0.5359375 0.0171875 0.01953125
0 0.21171875 0.440625 0.040625 0.0484375
0 0.2078125 0.60234375 0.065625 0.228125
0 0.1578125 0.57421875 0.0359375 0.07421875
0 0.1640625 0.6828125 0.0234375 0.0484375
0 0.253125 0.67265625 0.025 0.08984375
0 0.24140625 0.73125 0.034375 0.0234375
0 0.32890625 0.62109375 0.0828125 0.12109375
0 0.35234375 0.7859375 0.15 0.20703125
0 0.44921875 0.740625 0.0421875 0.084375
0 0.5265625 0.73046875 0.109375 0.1484375
0 0.46328125 0.67578125 0.0171875 0.0234375
0 0.428125 0.9921875 0.009375 0.01171875
0 0.628125 0.65234375 0.0390625 0.0484375
0 0.6390625 0.70390625 0.0328125 0.05078125
0 0.66328125 0.68125 0.0171875 0.03515625
0 0.57890625 0.6234375 0.0234375 0.0375
0 0.98984375 0.91015625 0.0078125 0.01171875
0 0.87109375 0.6875 0.015625 0.0171875
0 0.4046875 0.140625 0.025 0.01953125
0 0.9125 0.825 0.009375 0.01171875
0 0.29296875 0.3421875 0.009375 0.009375