0 0.0578125 0.075 0.115625 0.15
0 0.11171875 0.23359375 0.1359375 0.15
0 0.153125 0.0515625 0.0890625 0.0609375
0 0.19921875 0.6796875 0.275 0.18359375
0 0.4140625 0.2546875 0.28125 0.20703125
0 0.26015625 0.43046875 0.1359375 0.1171875
0 0.4578125 0.453125 0.184375 0.1953125
0 0.715625 0.48125 0.278125 0.26953125
0 0.9515625 0.49140625 0.096875 0.1078125
0 0.8578125 0.671875 0.1796875 0.146875
0 0.57265625 0.890625 0.221875 0.21875
0 0.503125 0.6734375 0.109375 0.0921875
0 0.85625 0.8734375 0.2828125 0.2203125
0 0.34453125 0.98125 0.2375 0.0375