0 0.02890625 0.79609375 0.0578125 0.2359375
0 0.353125 0.82109375 0.184375 0.19140625
0 0.69140625 0.84375 0.2578125 0.24609375
0 0.88984375 0.91015625 0.134375 0.1796875
0 0.94140625 0.6109375 0.1171875 0.29296875
0 0.61796875 0.42890625 0.103125 0.08203125
0 0.7265625 0.52421875 0.1125 0.0859375
0 0.8890625 0.38984375 0.125 0.0859375
0 0.103125 0.2828125 0.20625 0.26171875
0 0.259375 0.1390625 0.33125 0.27734375
0 0.7125 0.06640625 0.575 0.1328125
0 0.65234375 0.2421875 0.1640625 0.115625
0 0.8703125 0.1890625 0.259375 0.115625
0 0.93515625 0.27734375 0.1296875 0.0640625