0 0.1015625 0.215625 0.203125 0.43125
0 0.296875 0.25078125 0.1859375 0.1859375
0 0.0328125 0.553125 0.065625 0.14453125
0 0.1734375 0.6515625 0.1734375 0.14453125
0 0.328125 0.559375 0.146875 0.1578125
0 0.44296875 0.44453125 0.18125 0.203125
0 0.75 0.3265625 0.2984375 0.1390625
0 0.75390625 0.67578125 0.2171875 0.2734375
0 0.43984375 0.7765625 0.13125 0.15
0 0.346875 0.95078125 0.146875 0.0984375
0 0.053125 0.95234375 0.10625 0.0953125
0 0.9109375 0.95390625 0.178125 0.0921875
0 0.940625 0.5875 0.11875 0.1
0 0.83046875 0.45703125 0.18125 0.12109375