0 0.06171875 0.559375 0.1234375 0.365625
0 0.196875 0.540625 0.153125 0.2046875
0 0.2953125 0.4265625 0.0796875 0.06875
0 0.9078125 0.04296875 0.184375 0.0859375
0 0.94296875 0.125 0.1140625 0.0859375
0 0.4421875 0.5296875 0.1453125 0.1390625
0 0.50625 0.39765625 0.0265625 0.05859375
0 0.609375 0.4546875 0.1546875 0.171875
0 0.6984375 0.56640625 0.1171875 0.1
0 0.79609375 0.7390625 0.13125 0.1703125
0 0.5453125 0.7765625 0.1140625 0.1109375
0 0.56015625 0.9453125 0.15 0.109375
0 0.3203125 0.80546875 0.175 0.178125
0 0.2015625 0.9234375 0.071875 0.1328125
0 0.82578125 0.97734375 0.1984375 0.0453125