0 0.66015625 0.828125 0.6796875 0.34375
0 0.440625 0.48515625 0.2390625 0.15
0 0.70546875 0.54296875 0.0703125 0.08203125
0 0.9734375 0.60859375 0.053125 0.08984375
0 0.9 0.425 0.2 0.2265625
0 0.69609375 0.35859375 0.1796875 0.17578125
0 0.7046875 0.16796875 0.275 0.1640625
0 0.159375 0.29296875 0.0875 0.0796875
0 0.27265625 0.24375 0.065625 0.0765625
0 0.40625 0.0890625 0.14375 0.178125
0 0.1171875 0.08203125 0.234375 0.1640625
0 0.02421875 0.246875 0.0484375 0.0703125
0 0.5171875 0.29765625 0.1265625 0.0875