0 0.35 0.6828125 0.7 0.634375
0 0.8234375 0.91171875 0.24375 0.1765625
0 0.93984375 0.78828125 0.0453125 0.0484375
0 0.8671875 0.42265625 0.1484375 0.1484375
0 0.76015625 0.615625 0.1015625 0.12109375
0 0.73125 0.50390625 0.065625 0.103125
0 0.68359375 0.3078125 0.03125 0.046875
0 0.728125 0.31953125 0.0375 0.0625
0 0.9703125 0.3203125 0.059375 0.05625
0 0.0875 0.28984375 0.175 0.10546875
0 0.20546875 0.071875 0.065625 0.0640625
0 0.2828125 0.22578125 0.171875 0.103125
0 0.41484375 0.32109375 0.1875 0.078125
0 0.48359375 0.10859375 0.0984375 0.071875
0 0.65703125 0.11328125 0.2421875 0.14453125
0 0.89921875 0.0734375 0.2015625 0.11328125