0 0.134375 0.89609375 0.18125 0.2078125
0 0.44609375 0.8296875 0.184375 0.19375
0 0.57265625 0.81328125 0.0671875 0.12890625
0 0.678125 0.878125 0.1328125 0.24375
0 0.83203125 0.9421875 0.171875 0.115625
0 0.959375 0.89375 0.08125 0.2125
0 0.6765625 0.45390625 0.1515625 0.12109375
0 0.76953125 0.5828125 0.184375 0.1578125
0 0.903125 0.5453125 0.109375 0.115625
0 0.49453125 0.0984375 0.9890625 0.196875
0 0.3421875 0.25390625 0.1703125 0.08984375
0 0.0578125 0.2203125 0.115625 0.0703125
0 0.03359375 0.3296875 0.0671875 0.15234375
0 0.33125 0.44453125 0.115625 0.10546875
0 0.459375 0.509375 0.090625 0.0796875
0 0.5984375 0.3390625 0.1140625 0.08984375
0 0.72109375 0.23515625 0.0890625 0.0703125
0 0.85390625 0.3234375 0.0703125 0.06640625