0 0.91953125 0.02421875 0.1609375 0.0484375
0 0.93984375 0.0796875 0.1203125 0.0625
0 0.95859375 0.140625 0.0828125 0.05859375
0 0.06328125 0.5171875 0.1265625 0.353125
0 0.2125 0.509375 0.1703125 0.2046875
0 0.325 0.39765625 0.0609375 0.0703125
0 0.33359375 0.7671875 0.175 0.1859375
0 0.21015625 0.8875 0.0765625 0.1234375
0 0.459375 0.51171875 0.175 0.146875
0 0.5234375 0.3796875 0.0375 0.0484375
0 0.63046875 0.4234375 0.140625 0.1640625
0 0.70390625 0.5453125 0.125 0.1328125
0 0.55390625 0.74375 0.1265625 0.146875
0 0.56953125 0.93046875 0.1484375 0.1390625
0 0.79609375 0.709375 0.128125 0.1640625