0 0.0296875 0.71953125 0.059375 0.125
0 0.0125 0.93359375 0.025 0.1328125
0 0.175 0.2796875 0.1328125 0.078125
0 0.16640625 0.0171875 0.1109375 0.034375
0 0.24140625 0.078125 0.071875 0.0484375
0 0.67578125 0.03125 0.6484375 0.0625
0 0.52734375 0.16015625 0.0625 0.0625
0 0.55390625 0.25703125 0.09375 0.071875
0 0.65703125 0.253125 0.0546875 0.0875
0 0.59921875 0.440625 0.0890625 0.0765625
0 0.77578125 0.96015625 0.4484375 0.0796875
0 0.840625 0.81953125 0.3140625 0.196875
0 0.971875 0.65703125 0.05625 0.12109375
0 0.84921875 0.5109375 0.1640625 0.13125
0 0.9796875 0.50625 0.040625 0.06875
0 0.74375 0.4046875 0.1453125 0.13125
0 0.903125 0.3328125 0.19375 0.1625
0 0.8125 0.1484375 0.375 0.1703125