0 0.25078125 0.2421875 0.221875 0.1265625
0 0.771875 0.403125 0.2 0.209375
0 0.9015625 0.55625 0.196875 0.1421875
0 0.846875 0.8140625 0.1890625 0.37109375
0 0.97109375 0.88046875 0.0578125 0.2390625
0 0.58671875 0.81328125 0.1671875 0.14453125
0 0.66328125 0.94453125 0.19375 0.1109375
0 0.7078125 0.7078125 0.0875 0.1640625
0 0.565625 0.6140625 0.196875 0.25390625
0 0.234375 0.6765625 0.46875 0.646875
0 0.05078125 0.2609375 0.1015625 0.1890625
0 0.45703125 0.328125 0.234375 0.13125
0 0.59296875 0.4171875 0.084375 0.0765625
0 0.47890625 0.83671875 0.0203125 0.09765625