0 0.0265625 0.75390625 0.053125 0.13125
0 0.0109375 0.95078125 0.021875 0.0984375
0 0.85078125 0.8640625 0.2984375 0.271875
0 0.9765625 0.67890625 0.046875 0.1
0 0.63046875 0.9796875 0.1484375 0.040625
0 0.15 0.0203125 0.1515625 0.040625
0 0.24140625 0.0953125 0.075 0.05078125
0 0.68203125 0.03828125 0.6359375 0.0765625
0 0.5328125 0.1921875 0.0765625 0.05625
0 0.5484375 0.2734375 0.1015625 0.0546875
0 0.6609375 0.2640625 0.0765625 0.0875
0 0.6015625 0.46875 0.078125 0.0640625
0 0.746875 0.434375 0.1578125 0.1625
0 0.86328125 0.53203125 0.1546875 0.1390625
0 0.98046875 0.5296875 0.0390625 0.0546875
0 0.81484375 0.1453125 0.3703125 0.13671875
0 0.89921875 0.2765625 0.2015625 0.1234375
0 0.92578125 0.371875 0.1484375 0.06875