0 0.2984375 0.13203125 0.596875 0.2640625
0 0.04375 0.41484375 0.065625 0.08203125
0 0.5265625 0.4078125 0.946875 0.2875
0 0.68671875 0.165625 0.1609375 0.103125
0 0.7640625 0.23828125 0.146875 0.046875
0 0.19921875 0.775 0.20625 0.44921875
0 0.653125 0.8234375 0.540625 0.353125
0 0.953125 0.9609375 0.05625 0.078125
0 0.36640625 0.93125 0.0328125 0.06640625
0 0.353125 0.61328125 0.1 0.13125
0 0.58046875 0.6 0.29375 0.0953125
0 0.93828125 0.68125 0.1234375 0.26171875
0 0.025 0.95234375 0.05 0.0953125