0 0.1109375 0.15234375 0.078125 0.0953125
0 0.35703125 0.13984375 0.2984375 0.2796875
0 0.5515625 0.096875 0.0875 0.19375
0 0.796875 0.1453125 0.40625 0.290625
0 0.9375 0.3703125 0.125 0.16015625
0 0.73984375 0.6390625 0.0921875 0.11875
0 0.51796875 0.93046875 0.1328125 0.1390625
0 0.65546875 0.928125 0.075 0.084375
0 0.7828125 0.87265625 0.134375 0.2546875
0 0.8921875 0.9078125 0.08125 0.18359375
0 0.96640625 0.95 0.0671875 0.1
0 0.89453125 0.52734375 0.2109375 0.1546875
0 0.93359375 0.7 0.1328125 0.1890625