0 0.28359375 0.15234375 0.0953125 0.078125
0 0.68125 0.15625 0.203125 0.146875
0 0.86796875 0.18828125 0.128125 0.125
0 0.9890625 0.190625 0.021875 0.05625
0 0.51953125 0.2515625 0.1140625 0.0765625
0 0.91484375 0.653125 0.1703125 0.69375
0 0.784375 0.50703125 0.0984375 0.21875
0 0.8171875 0.70234375 0.028125 0.1734375
0 0.14140625 0.6078125 0.2828125 0.46875
0 0.1078125 0.9015625 0.215625 0.11875
0 0.26484375 0.36015625 0.184375 0.1265625
0 0.50625 0.50078125 0.44375 0.25
0 0.31953125 0.64453125 0.0734375 0.04296875
0 0.47734375 0.66328125 0.115625 0.078125
0 0.58671875 0.7359375 0.1875 0.109375
0 0.64609375 0.34296875 0.159375 0.2125