0 0.07421875 0.890625 0.1359375 0.171875
0 0.2828125 0.97265625 0.10625 0.0546875
0 0.5375 0.92734375 0.246875 0.1453125
0 0.86015625 0.60234375 0.1859375 0.15625
0 0.690625 0.440625 0.2171875 0.2953125
0 0.28203125 0.6390625 0.425 0.48046875
0 0.5796875 0.0875 0.140625 0.1171875
0 0.21484375 0.0765625 0.2265625 0.06875
0 0.16171875 0.14921875 0.134375 0.08203125
0 0.3515625 0.20703125 0.121875 0.09765625
0 0.50078125 0.2859375 0.1140625 0.2171875
0 0.5375 0.49296875 0.084375 0.1109375
0 0.67265625 0.203125 0.075 0.078125