0 0.0359375 0.70234375 0.071875 0.521875
0 0.10078125 0.81953125 0.059375 0.1265625
0 0.2078125 0.3578125 0.18125 0.0953125
0 0.23515625 0.5015625 0.309375 0.1890625
0 0.346875 0.6921875 0.2828125 0.1859375
0 0.5328125 0.8609375 0.3359375 0.27734375
0 0.74375 0.921875 0.0828125 0.15625
0 0.82578125 0.97578125 0.0796875 0.0484375
0 0.2453125 0.134375 0.13125 0.0859375
0 0.07421875 0.20625 0.1046875 0.103125
0 0.7046875 0.32890625 0.590625 0.4984375
0 0.75859375 0.70625 0.325 0.25
0 0.9609375 0.7734375 0.078125 0.2015625
0 0.5328125 0.03515625 0.1390625 0.05859375