0 0.58515625 0.89609375 0.2390625 0.2078125
0 0.40859375 0.97265625 0.1140625 0.0546875
0 0.26171875 0.89921875 0.1390625 0.146875
0 0.153125 0.0734375 0.30625 0.146875
0 0.1859375 0.3671875 0.2921875 0.196875
0 0.03828125 0.190625 0.0765625 0.0859375
0 0.17421875 0.19375 0.0734375 0.0625
0 0.36015625 0.11875 0.0859375 0.2375
0 0.29609375 0.196875 0.0453125 0.0953125
0 0.4609375 0.16796875 0.115625 0.109375
0 0.48984375 0.04296875 0.1734375 0.0859375
0 0.07265625 0.6796875 0.1453125 0.225
0 0.09765625 0.92578125 0.103125 0.146875
0 0.21875 0.7828125 0.084375 0.0875
0 0.28125 0.590625 0.25625 0.15234375
0 0.371875 0.7046875 0.1640625 0.06875
0 0.6125 0.59453125 0.0734375 0.15
0 0.53671875 0.27734375 0.053125 0.05859375
0 0.5109375 0.38203125 0.0515625 0.06875
0 0.4671875 0.490625 0.121875 0.15
0 0.5109375 0.62890625 0.1234375 0.125