0 0.23203125 0.5625 0.4640625 0.875
0 0.56015625 0.06171875 0.8796875 0.1234375
0 0.6203125 0.95625 0.309375 0.0875
0 0.51171875 0.728125 0.096875 0.078125
0 0.8328125 0.590625 0.1609375 0.171875
0 0.6296875 0.6453125 0.1359375 0.0953125
0 0.72421875 0.81640625 0.0453125 0.0546875
0 0.9109375 0.9765625 0.178125 0.046875
0 0.96015625 0.3578125 0.0796875 0.0859375
0 0.56171875 0.478125 0.1734375 0.15234375
0 0.6984375 0.3453125 0.196875 0.15625
0 0.7484375 0.1734375 0.09375 0.078125
0 0.83046875 0.2609375 0.0859375 0.103125
0 0.56796875 0.1828125 0.2078125 0.115625
0 0.925 0.2015625 0.0734375 0.05078125
0 0.98203125 0.159375 0.0359375 0.053125