0 0.046875 0.69609375 0.09375 0.6078125
0 0.0203125 0.2234375 0.040625 0.05859375
0 0.3109375 0.44140625 0.334375 0.415625
0 0.334375 0.69609375 0.2640625 0.0859375
0 0.3453125 0.77265625 0.1015625 0.06875
0 0.40859375 0.13671875 0.2125 0.165625
0 0.60625 0.146875 0.159375 0.125
0 0.75625 0.11640625 0.109375 0.09765625
0 0.94140625 0.57578125 0.1171875 0.8484375
0 0.65078125 0.4046875 0.290625 0.2796875
0 0.85234375 0.42890625 0.0640625 0.13671875
0 0.7203125 0.66015625 0.2609375 0.2265625
0 0.77734375 0.8859375 0.2125 0.228125