0 0.021875 0.16875 0.04375 0.0625
0 0.10234375 0.3265625 0.18125 0.1328125
0 0.30078125 0.72265625 0.6015625 0.5546875
0 0.2390625 0.425 0.1515625 0.09375
0 0.28046875 0.23515625 0.16875 0.2265625
0 0.67890625 0.1265625 0.6421875 0.253125
0 0.55859375 0.37421875 0.109375 0.071875
0 0.7234375 0.4703125 0.24375 0.1390625
0 0.7484375 0.9578125 0.2890625 0.084375
0 0.65546875 0.646875 0.10625 0.2171875
0 0.90546875 0.3765625 0.1890625 0.16796875
0 0.94765625 0.65625 0.1046875 0.15
0 0.859375 0.846875 0.053125 0.0703125
0 0.65859375 0.284375 0.0703125 0.0625