0 0.72109375 0.578125 0.2296875 0.3609375
0 0.9 0.75703125 0.2 0.203125
0 0.59375 0.15 0.1640625 0.1578125
0 0.69921875 0.2875 0.0875 0.0921875
0 0.13515625 0.190625 0.1078125 0.178125
0 0.25625 0.16484375 0.1296875 0.109375
0 0.33671875 0.31171875 0.18125 0.103125
0 0.4390625 0.165625 0.09375 0.0921875
0 0.509375 0.2953125 0.0625 0.0640625
0 0.171875 0.77421875 0.2671875 0.4515625
0 0.403125 0.81796875 0.19375 0.3640625
0 0.4484375 0.521875 0.10625 0.2328125
0 0.553125 0.65 0.0984375 0.1171875
0 0.525 0.41875 0.0484375 0.1703125