0 0.521875 0.35625 0.046875 0.0546875
0 0.0125 0.06640625 0.025 0.0296875
0 0.09453125 0.26484375 0.1890625 0.29296875
0 0.30234375 0.32421875 0.1640625 0.1265625
0 0.246875 0.471875 0.2078125 0.15234375
0 0.05546875 0.46875 0.0671875 0.05859375
0 0.0921875 0.615625 0.1203125 0.115625
0 0.14296875 0.9296875 0.1625 0.140625
0 0.3203125 0.85234375 0.2109375 0.22265625
0 0.39765625 0.59296875 0.1328125 0.13671875
0 0.47890625 0.7359375 0.1546875 0.2109375
0 0.709375 0.496875 0.14375 0.15625
0 0.8546875 0.653125 0.278125 0.3140625
0 0.72734375 0.89765625 0.1203125 0.2046875
0 0.81796875 0.9640625 0.2234375 0.071875
0 0.96640625 0.88203125 0.0671875 0.11328125