0 0.10078125 0.7046875 0.2015625 0.259375
0 0.0890625 0.95234375 0.0984375 0.0953125
0 0.25390625 0.94453125 0.1421875 0.1109375
0 0.53671875 0.94921875 0.16875 0.1015625
0 0.33359375 0.6765625 0.2390625 0.2359375
0 0.4890625 0.590625 0.1859375 0.290625
0 0.1609375 0.38984375 0.321875 0.196875
0 0.4 0.1359375 0.2234375 0.271875
0 0.54375 0.040625 0.065625 0.08125
0 0.165625 0.21015625 0.078125 0.0625
0 0.03828125 0.2125 0.0765625 0.071875
0 0.14375 0.05078125 0.2875 0.1015625
0 0.09296875 0.13203125 0.1859375 0.06875