0 0.921875 0.93828125 0.15625 0.1234375
0 0.77734375 0.95 0.04375 0.0453125
0 0.93828125 0.71875 0.1234375 0.203125
0 0.93515625 0.40625 0.1296875 0.20703125
0 0.96328125 0.5625 0.0734375 0.103125
0 0.746875 0.30390625 0.1578125 0.103125
0 0.61328125 0.18828125 0.175 0.2359375
0 0.4984375 0.52734375 0.2171875 0.140625
0 0.26484375 0.66015625 0.15625 0.12109375
0 0.5265625 0.88203125 0.1375 0.2359375
0 0.4046875 0.9421875 0.109375 0.115625
0 0.1546875 0.84375 0.309375 0.1890625
0 0.12265625 0.509375 0.1171875 0.11875
0 0.27890625 0.30625 0.315625 0.31875
0 0.48046875 0.1921875 0.090625 0.15234375