0 0.92578125 0.0359375 0.1484375 0.071875
0 0.79609375 0.82578125 0.2890625 0.3484375
0 0.49765625 0.8078125 0.20625 0.384375
0 0.13828125 0.89453125 0.2765625 0.2109375
0 0.346875 0.5328125 0.1578125 0.1234375
0 0.23125 0.603125 0.0765625 0.0921875
0 0.15859375 0.33984375 0.3171875 0.15
0 0.0890625 0.45234375 0.1109375 0.071875
0 0.44921875 0.3265625 0.1390625 0.1
0 0.60703125 0.2875 0.121875 0.140625
0 0.66953125 0.36875 0.1078125 0.09765625
0 0.52890625 0.50390625 0.1015625 0.078125
0 0.7546875 0.49921875 0.1140625 0.115625