0 0.58125 0.9265625 0.2484375 0.146875
0 0.65390625 0.8328125 0.0515625 0.040625
0 0.2625 0.92734375 0.153125 0.1453125
0 0.2125 0.7984375 0.0828125 0.1
0 0.09140625 0.940625 0.109375 0.11875
0 0.07734375 0.70234375 0.1546875 0.23046875
0 0.309375 0.6515625 0.296875 0.2109375
0 0.52265625 0.5421875 0.25625 0.3125
0 0.16484375 0.36328125 0.321875 0.1953125
0 0.4 0.1328125 0.2234375 0.265625
0 0.540625 0.03515625 0.0625 0.0703125
0 0.03984375 0.19921875 0.0796875 0.0625
0 0.1640625 0.196875 0.071875 0.0453125
0 0.14453125 0.07109375 0.2890625 0.1421875