0 0.0625 0.93359375 0.125 0.1328125
0 0.0234375 0.61015625 0.046875 0.12109375
0 0.2140625 0.3640625 0.353125 0.1625
0 0.2640625 0.47734375 0.16875 0.08203125
0 0.28203125 0.6765625 0.240625 0.2109375
0 0.41015625 0.51484375 0.090625 0.0953125
0 0.5078125 0.4625 0.1078125 0.0859375
0 0.55625 0.56953125 0.0734375 0.12890625
0 0.55546875 0.31953125 0.1921875 0.1703125
0 0.71953125 0.41484375 0.2171875 0.228125
0 0.87109375 0.25703125 0.140625 0.103125
0 0.91328125 0.45234375 0.1375 0.125
0 0.96875 0.575 0.0625 0.12890625
0 0.928125 0.7140625 0.14375 0.15
0 0.9734375 0.8953125 0.053125 0.209375
0 0.92890625 0.98125 0.0375 0.0375
0 0.746875 0.64453125 0.0921875 0.0921875
0 0.5625 0.8921875 0.1421875 0.21484375
0 0.46328125 0.9171875 0.0578125 0.1578125
0 0.66328125 0.85546875 0.0609375 0.15