0 0.87109375 0.028125 0.2578125 0.05625
0 0.90390625 0.0765625 0.1921875 0.0375
0 0.921875 0.1125 0.15625 0.03515625
0 0.93515625 0.15 0.1296875 0.04296875
0 0.10703125 0.553125 0.2140625 0.203125
0 0.0234375 0.709375 0.046875 0.11328125
0 0.234375 0.43828125 0.0640625 0.078125
0 0.38515625 0.53984375 0.165625 0.12890625
0 0.54921875 0.46015625 0.159375 0.165625
0 0.6390625 0.56328125 0.11875 0.10546875
0 0.75703125 0.72265625 0.1703125 0.1859375
0 0.49765625 0.771875 0.1109375 0.11875
0 0.2765625 0.821875 0.1875 0.19375
0 0.16171875 0.94296875 0.0984375 0.1140625
0 0.52578125 0.95234375 0.1390625 0.0953125