0 0.12734375 0.11328125 0.0765625 0.071875
0 0.06953125 0.20234375 0.05625 0.05859375
0 0.365625 0.11640625 0.284375 0.2328125
0 0.5484375 0.0921875 0.0828125 0.18359375
0 0.7953125 0.121875 0.409375 0.24375
0 0.56171875 0.89453125 0.20625 0.2046875
0 0.7359375 0.91796875 0.0921875 0.1640625
0 0.84296875 0.8234375 0.23125 0.271875
0 0.71953125 0.565625 0.1140625 0.10546875
0 0.88984375 0.475 0.2203125 0.1546875
0 0.928125 0.6203125 0.14375 0.13671875
0 0.9796875 0.7125 0.040625 0.05078125
0 0.99296875 0.8890625 0.0140625 0.125
0 0.92265625 0.31953125 0.1546875 0.15625