0 0.9234375 0.3609375 0.153125 0.19921875
0 0.953125 0.53203125 0.0875 0.1421875
0 0.91640625 0.71015625 0.1375 0.1953125
0 0.90703125 0.93125 0.1859375 0.13671875
0 0.7359375 0.303125 0.1578125 0.109375
0 0.590625 0.18359375 0.1890625 0.2515625
0 0.25390625 0.3234375 0.3203125 0.3375
0 0.45859375 0.203125 0.1125 0.14453125
0 0.49765625 0.53046875 0.228125 0.1734375
0 0.52421875 0.87421875 0.15625 0.2515625
0 0.375 0.93359375 0.15 0.1328125
0 0.12109375 0.50703125 0.1203125 0.1390625
0 0.25625 0.6640625 0.14375 0.10546875
0 0.15234375 0.8390625 0.3046875 0.2109375