0 0.04140625 0.7671875 0.0828125 0.084375
0 0.0515625 0.9328125 0.103125 0.134375
0 0.0890625 0.303125 0.178125 0.1234375
0 0.24453125 0.29765625 0.13125 0.1890625
0 0.21875 0.49921875 0.2296875 0.196875
0 0.25546875 0.6328125 0.115625 0.07421875
0 0.49765625 0.69921875 0.2296875 0.2109375
0 0.89765625 0.7984375 0.2046875 0.165625
0 0.8734375 0.5203125 0.253125 0.13125
0 0.9171875 0.65 0.165625 0.12890625
0 0.64296875 0.47578125 0.0734375 0.0640625
0 0.53515625 0.21796875 0.3359375 0.14453125
0 0.60546875 0.3359375 0.146875 0.0921875
0 0.33203125 0.3890625 0.0578125 0.06875
0 0.753125 0.15546875 0.1265625 0.0921875
0 0.96484375 0.1515625 0.0703125 0.1703125
0 0.7921875 0.2984375 0.1328125 0.09765625
0 0.9109375 0.38671875 0.178125 0.13671875
0 0.96796875 0.28828125 0.0640625 0.05625