0 0.52265625 0.04609375 0.9546875 0.0921875
0 0.21796875 0.1609375 0.075 0.05625
0 0.140625 0.4078125 0.1359375 0.1328125
0 0.6796875 0.1109375 0.640625 0.0390625
0 0.53984375 0.26953125 0.09375 0.05859375
0 0.55703125 0.3640625 0.1140625 0.0875
0 0.67109375 0.3609375 0.078125 0.1109375
0 0.61484375 0.6 0.0859375 0.10546875
0 0.775 0.55859375 0.1890625 0.196875
0 0.8875 0.66796875 0.171875 0.146875
0 0.865625 0.9625 0.26875 0.07421875
0 0.91484375 0.39921875 0.1703125 0.2328125
0 0.81953125 0.20625 0.3609375 0.15