0 0.9609375 0.0640625 0.078125 0.128125
0 0.878125 0.03046875 0.0890625 0.0609375
0 0.65390625 0.41015625 0.20625 0.2109375
0 0.446875 0.425 0.1359375 0.12109375
0 0.26953125 0.425 0.1328125 0.23046875
0 0.08671875 0.45234375 0.1734375 0.303125
0 0.3359375 0.6703125 0.175 0.140625
0 0.21640625 0.7703125 0.0828125 0.1109375
0 0.09453125 0.96796875 0.1890625 0.0640625
0 0.5515625 0.646875 0.0953125 0.103125
0 0.78125 0.625 0.1328125 0.134375
0 0.8140625 0.90234375 0.246875 0.1953125
0 0.55859375 0.878125 0.153125 0.24375
0 0.4484375 0.94921875 0.0671875 0.1015625