0 0.33671875 0.7234375 0.6734375 0.553125
0 0.80625 0.8625 0.265625 0.13671875
0 0.72109375 0.96484375 0.0921875 0.0703125
0 0.96875 0.9765625 0.0625 0.046875
0 0.8671875 0.4140625 0.14375 0.12109375
0 0.68046875 0.10859375 0.1921875 0.1734375
0 0.509375 0.078125 0.1359375 0.06875
0 0.31171875 0.2109375 0.109375 0.103125
0 0.14609375 0.246875 0.0765625 0.0765625
0 0.2109375 0.21875 0.0484375 0.078125
0 0.034375 0.3 0.06875 0.0796875
0 0.084375 0.4109375 0.121875 0.071875
0 0.32890625 0.396875 0.0671875 0.071875
0 0.378125 0.3 0.1046875 0.0703125
0 0.7359375 0.55546875 0.1421875 0.203125
0 0.72109375 0.30078125 0.0421875 0.0546875
0 0.63515625 0.4078125 0.121875 0.0796875
0 0.97421875 0.2984375 0.0515625 0.0453125
0 0.85546875 0.0609375 0.1109375 0.12109375
0 0.20703125 0.0640625 0.0609375 0.06875