0 0.1859375 0.5 0.371875 1
0 0.4453125 0.29765625 0.146875 0.5953125
0 0.59453125 0.22265625 0.1515625 0.4453125
0 0.7046875 0.25 0.0671875 0.11875
0 0.78359375 0.06953125 0.103125 0.0859375
0 0.8421875 0.33515625 0.1109375 0.109375
0 0.953125 0.32109375 0.09375 0.11328125
0 0.98046875 0.22734375 0.0390625 0.0546875
0 0.88828125 0.115625 0.1375 0.1328125
0 0.79453125 0.17578125 0.06875 0.0546875
0 0.715625 0.5875 0.1671875 0.178125
0 0.96640625 0.58515625 0.0671875 0.08203125
0 0.4203125 0.76953125 0.0953125 0.10546875
0 0.5234375 0.66796875 0.13125 0.09765625
0 0.634375 0.840625 0.075 0.0765625
0 0.6015625 0.96484375 0.20625 0.0703125
0 0.8625 0.9703125 0.196875 0.05859375