0 0.3 0.73515625 0.6 0.5296875
0 0.746875 0.9625 0.2890625 0.07421875
0 0.8703125 0.84375 0.05 0.05625
0 0.6609375 0.61796875 0.11875 0.2890625
0 0.02578125 0.17265625 0.0515625 0.06875
0 0.115625 0.3421875 0.184375 0.14453125
0 0.315625 0.4265625 0.2984375 0.0953125
0 0.234375 0.2453125 0.0421875 0.1
0 0.4546875 0.1578125 0.3625 0.15
0 0.5640625 0.36328125 0.1328125 0.078125
0 0.815625 0.22734375 0.36875 0.4546875
0 0.75859375 0.484375 0.1546875 0.12890625
0 0.95390625 0.65703125 0.0921875 0.1421875
0 0.50625 0.040625 0.25625 0.08125