0 0.17734375 0.55234375 0.3546875 0.8953125
0 0.41171875 0.7078125 0.115625 0.584375
0 0.496875 0.18046875 0.1765625 0.2265625
0 0.5640625 0.4171875 0.1796875 0.2421875
0 0.859375 0.2703125 0.14375 0.15
0 0.8078125 0.51875 0.0671875 0.06875
0 0.7125 0.55 0.103125 0.10546875
0 0.5703125 0.61796875 0.14375 0.0921875
0 0.5859375 0.778125 0.125 0.1421875
0 0.4984375 0.940625 0.05625 0.11875
0 0.22890625 0.04609375 0.071875 0.0609375
0 0.0671875 0.040625 0.134375 0.08125
0 0.88515625 0.853125 0.2296875 0.29296875
0 0.8359375 0.6421875 0.1328125 0.125
0 0.671875 0.925 0.1953125 0.15
0 0.72265625 0.8078125 0.071875 0.05078125