0 0.9640625 0.0703125 0.071875 0.140625
0 0.90234375 0.0421875 0.0515625 0.084375
0 0.86015625 0.0203125 0.0328125 0.0390625
0 0.14921875 0.4359375 0.2984375 0.23828125
0 0.06015625 0.61015625 0.1203125 0.10546875
0 0.22421875 0.7984375 0.084375 0.16015625
0 0.3453125 0.7203125 0.159375 0.1734375
0 0.5703125 0.809375 0.159375 0.38125
0 0.80625 0.93515625 0.215625 0.1296875
0 0.7953125 0.65703125 0.1296875 0.18125
0 0.61875 0.3984375 0.1484375 0.15234375
0 0.70078125 0.5140625 0.121875 0.115625
0 0.4484375 0.46875 0.1390625 0.12109375
0 0.3234375 0.3609375 0.0640625 0.06875