0 0.92734375 0.971875 0.1453125 0.05625
0 0.94296875 0.77734375 0.1140625 0.2171875
0 0.97109375 0.440625 0.0578125 0.14453125
0 0.93828125 0.41796875 0.1234375 0.19140625
0 0.76328125 0.33671875 0.153125 0.109375
0 0.6234375 0.2265625 0.178125 0.2171875
0 0.275 0.3375 0.3421875 0.365625
0 0.490625 0.25625 0.0890625 0.109375
0 0.51328125 0.55546875 0.240625 0.196875
0 0.54140625 0.9078125 0.1734375 0.18359375
0 0.4140625 0.9734375 0.0796875 0.053125
0 0.26953125 0.69375 0.1640625 0.15625
0 0.11171875 0.5484375 0.1421875 0.140625
0 0.11953125 0.89453125 0.2390625 0.1859375
0 0.278125 0.94609375 0.078125 0.09765625