0 0.12890625 0.48046875 0.2578125 0.9609375
0 0.33203125 0.4453125 0.14375 0.890625
0 0.42890625 0.3734375 0.046875 0.74609375
0 0.54375 0.3046875 0.1796875 0.609375
0 0.70234375 0.2453125 0.1359375 0.490625
0 0.8515625 0.490625 0.159375 0.32421875
0 0.7296875 0.58671875 0.0890625 0.0859375
0 0.890625 0.09765625 0.21875 0.1953125
0 0.92734375 0.25390625 0.1453125 0.0703125
0 0.96640625 0.35546875 0.0671875 0.1328125
0 0.784375 0.7859375 0.3359375 0.1890625
0 0.53046875 0.9 0.26875 0.19921875
0 0.31328125 0.98046875 0.071875 0.0390625