0 0.11484375 0.07421875 0.2296875 0.1484375
0 0.03984375 0.22265625 0.0796875 0.0765625
0 0.171875 0.25703125 0.0734375 0.0640625
0 0.28203125 0.2140625 0.0640625 0.06875
0 0.434375 0.09375 0.103125 0.103125
0 0.44375 0.42890625 0.2265625 0.146875
0 0.890625 0.38125 0.21875 0.20703125
0 0.69609375 0.48046875 0.06875 0.0703125
0 0.6578125 0.35 0.103125 0.08203125
0 0.74921875 0.2921875 0.0734375 0.07421875
0 0.678125 0.14140625 0.28125 0.1625
0 0.509375 0.2578125 0.1359375 0.0875
0 0.6546875 0.78671875 0.690625 0.4265625
0 0.96015625 0.54296875 0.0796875 0.0625