0 0.11328125 0.1 0.2265625 0.19921875
0 0.14921875 0.3265625 0.0984375 0.08203125
0 0.26875 0.27421875 0.065625 0.06875
0 0.40546875 0.0921875 0.1375 0.18359375
0 0.4359375 0.52734375 0.2375 0.1421875
0 0.67109375 0.8984375 0.6578125 0.203125
0 0.825 0.753125 0.35 0.0859375
0 0.90625 0.4875 0.1875 0.19140625
0 0.97109375 0.66875 0.0578125 0.0859375
0 0.7171875 0.58984375 0.078125 0.0703125
0 0.67734375 0.43046875 0.1109375 0.08203125
0 0.69765625 0.18671875 0.2859375 0.171875
0 0.525 0.30859375 0.1359375 0.12109375
0 0.72890625 0.346875 0.171875 0.09765625
0 0.92265625 0.340625 0.1546875 0.1015625