0 0.43828125 0.87109375 0.153125 0.15625
0 0.7703125 0.79609375 0.2375 0.2359375
0 0.690625 0.63203125 0.06875 0.0921875
0 0.715625 0.390625 0.1765625 0.25
0 0.865625 0.434375 0.1578125 0.24609375
0 0.94296875 0.6421875 0.1140625 0.103125
0 0.1671875 0.70703125 0.1609375 0.15625
0 0.325 0.62890625 0.175 0.1625
0 0.44609375 0.49375 0.1921875 0.18359375
0 0.325 0.2140625 0.1375 0.109375
0 0.5171875 0.24375 0.05625 0.05625
0 0.10390625 0.20703125 0.2078125 0.4140625
0 0.13046875 0.43046875 0.06875 0.0859375
0 0.2828125 0.334375 0.1828125 0.13125
0 0.02421875 0.60859375 0.0484375 0.1625