0 0.11953125 0.5296875 0.115625 0.2015625
0 0.29921875 0.9421875 0.21875 0.115625
0 0.82421875 0.90390625 0.3421875 0.1921875
0 0.0359375 0.31875 0.071875 0.19375
0 0.13046875 0.14375 0.203125 0.0921875
0 0.2828125 0.271875 0.2125 0.203125
0 0.49921875 0.39140625 0.178125 0.1640625
0 0.6203125 0.284375 0.0859375 0.06875
0 0.84921875 0.328125 0.3015625 0.4078125
0 0.9359375 0.06171875 0.128125 0.1234375
0 0.70625 0.05546875 0.08125 0.0703125
0 0.5921875 0.1359375 0.175 0.15625
0 0.44375 0.15546875 0.1328125 0.2203125