0 0.07265625 0.32109375 0.1453125 0.32421875
0 0.03125 0.5421875 0.0625 0.07421875
0 0.0671875 0.71484375 0.0984375 0.10546875
0 0.2234375 0.55390625 0.2265625 0.1796875
0 0.30234375 0.4078125 0.1546875 0.1328125
0 0.51875 0.434375 0.103125 0.0703125
0 0.38671875 0.69921875 0.13125 0.12890625
0 0.3046875 0.93359375 0.203125 0.1328125
0 0.4734375 0.86015625 0.1609375 0.22265625
0 0.71796875 0.5953125 0.1375 0.1703125
0 0.875 0.73828125 0.25 0.3296875
0 0.7796875 0.9265625 0.178125 0.146875
0 0.96875 0.9796875 0.0625 0.040625