0 0.13515625 0.5828125 0.2703125 0.6
0 0.15703125 0.18828125 0.2328125 0.1578125
0 0.34609375 0.14921875 0.16875 0.1171875
0 0.4953125 0.11640625 0.115625 0.09765625
0 0.81875 0.49921875 0.3625 0.9984375
0 0.38125 0.41875 0.2015625 0.2734375
0 0.60703125 0.3671875 0.059375 0.0953125
0 0.50546875 0.65703125 0.2609375 0.19375
0 0.5828125 0.79296875 0.115625 0.07421875
0 0.52265625 0.846875 0.04375 0.040625
0 0.596875 0.91484375 0.084375 0.1703125
0 0.51953125 0.4703125 0.0765625 0.1796875
0 0.0375 0.0140625 0.075 0.02734375