0 0.2328125 0.025 0.08125 0.05
0 0.07265625 0.025 0.1453125 0.05
0 0.76484375 0.8140625 0.4703125 0.37109375
0 0.8109375 0.56953125 0.1265625 0.115625
0 0.78828125 0.4515625 0.06875 0.0625
0 0.83828125 0.2171875 0.153125 0.140625
0 0.1140625 0.565625 0.228125 0.86875
0 0.3484375 0.68671875 0.2375 0.6265625
0 0.4984375 0.884375 0.0625 0.23046875
0 0.55625 0.33515625 0.159375 0.275
0 0.48671875 0.11640625 0.140625 0.1625
0 0.29296875 0.278125 0.13125 0.1890625
0 0.55859375 0.5375 0.140625 0.1109375
0 0.69921875 0.47734375 0.0984375 0.09765625