0 0.15859375 0.53203125 0.3171875 0.2515625
0 0.05859375 0.8875 0.1171875 0.225
0 0.2578125 0.853125 0.2875 0.15234375
0 0.33203125 0.965625 0.2265625 0.06875
0 0.47890625 0.74375 0.165625 0.2484375
0 0.53125 0.934375 0.1515625 0.13125
0 0.6453125 0.8734375 0.0828125 0.1890625
0 0.5546875 0.42890625 0.0640625 0.07421875
0 0.52734375 0.5859375 0.065625 0.0765625
0 0.29375 0.08203125 0.5875 0.1640625
0 0.0671875 0.21015625 0.134375 0.08984375
0 0.0140625 0.3203125 0.028125 0.06875
0 0.13359375 0.3140625 0.0890625 0.08203125
0 0.396875 0.275 0.234375 0.22265625
0 0.1703125 0.18125 0.0703125 0.0375