0 0.84765625 0.91953125 0.3046875 0.1609375
0 0.88046875 0.6296875 0.1796875 0.1421875
0 0.7609375 0.5046875 0.15625 0.17578125
0 0.6109375 0.55 0.0953125 0.07421875
0 0.1421875 0.0375 0.1375 0.07421875
0 0.61328125 0.03125 0.7734375 0.0625
0 0.67890625 0.0921875 0.6421875 0.05859375
0 0.53125 0.2328125 0.078125 0.05625
0 0.56015625 0.31953125 0.1125 0.109375
0 0.671875 0.3296875 0.08125 0.0859375
0 0.815625 0.171875 0.36875 0.1
0 0.86328125 0.25 0.2734375 0.0546875
0 0.9109375 0.3890625 0.178125 0.17578125
0 0.009375 0.86328125 0.01875 0.08984375
0 0.15625 0.3625 0.1265625 0.115625
0 0.2234375 0.13984375 0.0765625 0.0453125