0 0.209375 0.609375 0.41875 0.303125
0 0.19140625 0.8359375 0.3828125 0.1546875
0 0.059375 0.9515625 0.11875 0.078125
0 0.52109375 0.9078125 0.25 0.18359375
0 0.765625 0.8140625 0.325 0.21484375
0 0.903125 0.3265625 0.19375 0.2328125
0 0.49140625 0.08515625 0.9828125 0.1703125
0 0.08359375 0.3796875 0.1671875 0.103125
0 0.1125 0.19609375 0.225 0.05078125
0 0.01640625 0.253125 0.0328125 0.05859375
0 0.10546875 0.2921875 0.065625 0.07421875
0 0.5109375 0.53984375 0.1859375 0.18359375
0 0.70078125 0.5796875 0.0953125 0.08203125
0 0.8296875 0.4921875 0.1515625 0.3375
0 0.453125 0.31171875 0.603125 0.29296875