0 0.35 0.96875 0.1390625 0.0625
0 0.44375 0.82109375 0.14375 0.146875
0 0.759375 0.71484375 0.234375 0.3140625
0 0.93046875 0.9796875 0.1390625 0.040625
0 0.93984375 0.615625 0.1203125 0.103125
0 0.6515625 0.3265625 0.071875 0.10546875
0 0.78359375 0.4265625 0.19375 0.24609375
0 0.90859375 0.44453125 0.05625 0.15625
0 0.10078125 0.13671875 0.2015625 0.2734375
0 0.33203125 0.196875 0.121875 0.0953125
0 0.02890625 0.56875 0.0578125 0.1703125
0 0.02890625 0.3453125 0.0578125 0.146875
0 0.13671875 0.4203125 0.1046875 0.0921875
0 0.0984375 0.3046875 0.053125 0.0453125
0 0.271875 0.3015625 0.1921875 0.12890625
0 0.44375 0.46015625 0.2078125 0.23046875
0 0.33203125 0.5875 0.1609375 0.18125
0 0.1828125 0.671875 0.190625 0.1578125
0 0.0484375 0.96875 0.096875 0.0625
0 0.5109375 0.2140625 0.05625 0.0546875