0 0.26640625 0.83203125 0.1890625 0.22265625
0 0.61171875 0.8328125 0.2296875 0.23046875
0 0.81640625 0.89765625 0.1546875 0.2046875
0 0.9203125 0.65703125 0.159375 0.14453125
0 0.8578125 0.5046875 0.178125 0.16015625
0 0.5171875 0.4203125 0.0890625 0.08203125
0 0.63046875 0.51484375 0.10625 0.0765625
0 0.79296875 0.3671875 0.1203125 0.078125
0 0.9078125 0.2875 0.10625 0.05625
0 0.54375 0.24140625 0.19375 0.1
0 0.140625 0.2796875 0.28125 0.1390625
0 0.5 0.053125 1 0.10546875
0 0.16484375 0.15625 0.3296875 0.1
0 0.76875 0.13203125 0.4625 0.05625
0 0.76953125 0.209375 0.165625 0.103125
0 0.97578125 0.203125 0.0484375 0.0859375
0 0.4734375 0.14140625 0.0703125 0.053125