0 0.71015625 0.75625 0.10625 0.11328125
0 0.79140625 0.90703125 0.2390625 0.1859375
0 0.959375 0.7703125 0.078125 0.1015625
0 0.7015625 0.42890625 0.140625 0.13671875
0 0.84140625 0.540625 0.253125 0.27734375
0 0.51640625 0.3046875 0.05625 0.0546875
0 0.0359375 0.1015625 0.071875 0.1625
0 0.1515625 0.1484375 0.103125 0.0953125
0 0.32265625 0.27734375 0.1296875 0.11875
0 0.10546875 0.328125 0.14375 0.2828125
0 0.2703125 0.4078125 0.1828125 0.125
0 0.2 0.3140625 0.04375 0.05859375
0 0.01015625 0.36796875 0.0203125 0.05625
0 0.01640625 0.71484375 0.0328125 0.1546875
0 0.12265625 0.54765625 0.1140625 0.0875
0 0.15859375 0.8515625 0.165625 0.165625
0 0.32109375 0.75078125 0.1828125 0.2046875
0 0.39609375 0.52734375 0.11875 0.0859375
0 0.4671875 0.6390625 0.1515625 0.19140625
0 0.42109375 0.97421875 0.1109375 0.0515625