0 0.05703125 0.65546875 0.1046875 0.0875
0 0.05703125 0.821875 0.1078125 0.11875
0 0.103125 0.24375 0.178125 0.103125
0 0.2484375 0.45234375 0.2171875 0.23046875
0 0.29296875 0.290625 0.15625 0.146875
0 0.53359375 0.20625 0.328125 0.20703125
0 0.74453125 0.11640625 0.1140625 0.0921875
0 0.78125 0.246875 0.1171875 0.08203125
0 0.49921875 0.6015625 0.2046875 0.209375
0 0.63515625 0.40703125 0.0953125 0.0859375
0 0.87109375 0.41015625 0.2578125 0.20703125
0 0.89296875 0.6765625 0.2140625 0.1625
0 0.9109375 0.55546875 0.178125 0.0859375
0 0.95546875 0.165625 0.0890625 0.27734375