0 0.046875 0.8734375 0.09375 0.11875
0 0.1078125 0.34375 0.1734375 0.125
0 0.25390625 0.653125 0.2484375 0.265625
0 0.540625 0.8296875 0.240625 0.2671875
0 0.92734375 0.9296875 0.1453125 0.140625
0 0.90625 0.67578125 0.1875 0.20703125
0 0.95234375 0.490625 0.0953125 0.1625
0 0.86171875 0.3875 0.121875 0.11328125
0 0.8171875 0.2140625 0.1265625 0.08984375
0 0.590625 0.278125 0.371875 0.171875
0 0.67265625 0.415625 0.165625 0.103125
0 0.7 0.5859375 0.1015625 0.06875
0 0.46015625 0.41796875 0.103125 0.046875
0 0.26015625 0.346875 0.078125 0.21875
0 0.3828125 0.471875 0.0515625 0.078125
0 0.32421875 0.37109375 0.05 0.1015625