0 0.1328125 0.45703125 0.1421875 0.14453125
0 0.52578125 0.059375 0.9484375 0.11875
0 0.2109375 0.18828125 0.078125 0.0484375
0 0.0265625 0.02421875 0.053125 0.0484375
0 0.6734375 0.14140625 0.653125 0.04296875
0 0.5296875 0.3 0.0796875 0.05625
0 0.56796875 0.41875 0.109375 0.08203125
0 0.621875 0.66796875 0.1 0.10546875
0 0.78671875 0.61875 0.1796875 0.2125
0 0.9109375 0.74609375 0.178125 0.1703125
0 0.91953125 0.4703125 0.1609375 0.17578125
0 0.68515625 0.4046875 0.1046875 0.103125
0 0.82421875 0.25703125 0.3515625 0.1890625