0 0.92890625 0.36640625 0.1421875 0.196875
0 0.95703125 0.53828125 0.084375 0.1421875
0 0.92734375 0.7078125 0.1453125 0.19921875
0 0.9171875 0.93125 0.165625 0.13671875
0 0.5265625 0.875 0.146875 0.25
0 0.38984375 0.934375 0.13125 0.13125
0 0.15234375 0.83125 0.3046875 0.19375
0 0.259375 0.6453125 0.1546875 0.13125
0 0.1203125 0.50859375 0.1171875 0.13125
0 0.28984375 0.31875 0.33125 0.3375
0 0.6015625 0.1828125 0.1671875 0.209375
0 0.73828125 0.31171875 0.1515625 0.11875
0 0.49453125 0.51171875 0.2109375 0.1640625