0 0.02265625 0.17109375 0.0453125 0.07421875
0 0.0984375 0.328125 0.196875 0.1328125
0 0.309375 0.4265625 0.309375 0.10546875
0 0.13359375 0.55078125 0.2671875 0.134375
0 0.240625 0.79296875 0.48125 0.4140625
0 0.54140625 0.87109375 0.1203125 0.2578125
0 0.75703125 0.9640625 0.309375 0.071875
0 0.23125 0.234375 0.046875 0.11328125
0 0.31484375 0.16484375 0.0984375 0.0859375
0 0.50625 0.11640625 0.2828125 0.2328125
0 0.7609375 0.47578125 0.165625 0.1328125
0 0.54375 0.53984375 0.2171875 0.1578125
0 0.6453125 0.690625 0.1375 0.1234375
0 0.9609375 0.64765625 0.078125 0.1546875
0 0.865625 0.840625 0.0546875 0.0484375
0 0.76328125 0.6484375 0.0390625 0.05625
0 0.82578125 0.2328125 0.3484375 0.46484375
0 0.5640625 0.37109375 0.121875 0.084375