0 0.0640625 0.940625 0.128125 0.11875
0 0.5640625 0.9484375 0.290625 0.103125
0 0.8734375 0.66328125 0.1828125 0.1578125
0 0.69765625 0.47265625 0.2125 0.35
0 0.68125 0.23046875 0.0921875 0.0859375
0 0.5890625 0.1046875 0.140625 0.12890625
0 0.440625 0.115625 0.103125 0.071875
0 0.159375 0.13359375 0.125 0.1421875
0 0.27890625 0.1015625 0.1140625 0.0953125
0 0.35234375 0.2375 0.1265625 0.0796875
0 0.2625 0.67265625 0.4390625 0.5453125
0 0.51015625 0.3 0.08125 0.19921875
0 0.5359375 0.534375 0.109375 0.125