0 0.3078125 0.296875 0.615625 0.59375
0 0.140625 0.71171875 0.196875 0.23828125
0 0.096875 0.96875 0.09375 0.0625
0 0.5828125 0.796875 0.609375 0.40625
0 0.2484375 0.96796875 0.059375 0.0640625
0 0.2109375 0.86640625 0.0515625 0.078125
0 0.08515625 0.865625 0.0296875 0.025
0 0.11953125 0.9078125 0.01875 0.021875
0 0.79296875 0.134375 0.140625 0.1015625
0 0.79609375 0.52265625 0.2765625 0.146875
0 0.94375 0.8578125 0.1125 0.2109375
0 0.915625 0.628125 0.0546875 0.06875
0 0.7546875 0.37109375 0.1609375 0.1578125
0 0.93984375 0.1703125 0.0515625 0.03515625