0 0.015625 0.8125 0.03125 0.11875
0 0.16015625 0.3375 0.125 0.10546875
0 0.153125 0.03515625 0.1390625 0.0703125
0 0.234375 0.1203125 0.0828125 0.046875
0 0.275 0.021875 0.084375 0.04296875
0 0.675 0.0515625 0.65 0.103125
0 0.53046875 0.21875 0.0703125 0.05859375
0 0.55390625 0.3078125 0.1171875 0.0625
0 0.65859375 0.303125 0.0703125 0.078125
0 0.60078125 0.51640625 0.10625 0.078125
0 0.75703125 0.47734375 0.165625 0.171875
0 0.87109375 0.59296875 0.1546875 0.13125
0 0.9875 0.58671875 0.025 0.071875
0 0.85 0.90625 0.3 0.1875
0 0.98828125 0.74609375 0.0234375 0.13125
0 0.8171875 0.171875 0.365625 0.140625
0 0.9109375 0.3140625 0.178125 0.15
0 0.94296875 0.415625 0.1140625 0.05625