0 0.9 0.8640625 0.2 0.271875
0 0.9546875 0.515625 0.090625 0.14453125
0 0.82265625 0.25390625 0.0859375 0.071875
0 0.93515625 0.25625 0.065625 0.084375
0 0.896875 0.121875 0.0578125 0.071875
0 0.97109375 0.1703125 0.0578125 0.0390625
0 0.98125 0.0625 0.0375 0.0453125
0 0.709375 0.03203125 0.4171875 0.0640625
0 0.66875 0.13203125 0.16875 0.07421875
0 0.33125 0.48828125 0.203125 0.228125
0 0.49140625 0.58984375 0.109375 0.22265625
0 0.34140625 0.646875 0.1859375 0.084375
0 0.28046875 0.19140625 0.5609375 0.3828125
0 0.1203125 0.4453125 0.103125 0.0796875