0 0.196875 0.09453125 0.0625 0.07421875
0 0.6703125 0.14375 0.2671875 0.15234375
0 0.48828125 0.1328125 0.0921875 0.0859375
0 0.8578125 0.05859375 0.0984375 0.071875
0 0.2671875 0.253125 0.1890625 0.11328125
0 0.07890625 0.3390625 0.1578125 0.1390625
0 0.11015625 0.5203125 0.0671875 0.09765625
0 0.034375 0.51171875 0.0484375 0.103125
0 0.31953125 0.471875 0.1171875 0.0765625
0 0.38359375 0.3640625 0.125 0.08203125
0 0.3453125 0.76953125 0.690625 0.4609375
0 0.83125 0.95234375 0.28125 0.0953125
0 0.95625 0.84765625 0.046875 0.05625
0 0.68125 0.5 0.2015625 0.1546875
0 0.753125 0.66328125 0.1375 0.1640625
0 0.8734375 0.48359375 0.1578125 0.1328125
0 0.7125 0.3546875 0.1046875 0.08203125
0 0.4 0.2125 0.040625 0.084375