0 0.11640625 0.8109375 0.2328125 0.1796875
0 0.05078125 0.95 0.1015625 0.1
0 0.25 0.61796875 0.1046875 0.10546875
0 0.94453125 0.9109375 0.1109375 0.178125
0 0.759375 0.98515625 0.0578125 0.0296875
0 0.909375 0.52421875 0.18125 0.12890625
0 0.48828125 0.24296875 0.115625 0.10546875
0 0.559375 0.071875 0.109375 0.0765625
0 0.8375 0.04609375 0.325 0.0921875
0 0.821875 0.2140625 0.0796875 0.05078125
0 0.85 0.30859375 0.1046875 0.0796875
0 0.95703125 0.3328125 0.08125 0.08203125
0 0.96875 0.1578125 0.0625 0.1328125