0 0.30625 0.1203125 0.6125 0.240625
0 0.0625 0.35078125 0.0578125 0.0640625
0 0.02578125 0.49921875 0.0515625 0.196875
0 0.034375 0.8296875 0.06875 0.1109375
0 0.22734375 0.84765625 0.20625 0.1875
0 0.659375 0.7625 0.559375 0.475
0 0.96953125 0.96796875 0.0609375 0.0640625
0 0.921875 0.496875 0.15625 0.484375
0 0.20703125 0.5 0.1703125 0.50625
0 0.3421875 0.4421875 0.1046875 0.3921875
0 0.09453125 0.2671875 0.0546875 0.0546875
0 0.6171875 0.34453125 0.453125 0.359375
0 0.68828125 0.11640625 0.153125 0.0953125