0 0.203125 0.1390625 0.40625 0.27734375
0 0.5453125 0.096875 0.275 0.19375
0 0.82109375 0.115625 0.3578125 0.23046875
0 0.7625 0.334375 0.265625 0.20703125
0 0.83515625 0.6859375 0.06875 0.084375
0 0.8984375 0.5375 0.05625 0.0703125
0 0.45546875 0.50703125 0.3671875 0.23046875
0 0.2609375 0.36328125 0.1 0.0921875
0 0.50859375 0.28125 0.0828125 0.0765625
0 0.02890625 0.53203125 0.0578125 0.09765625
0 0.03828125 0.3515625 0.0765625 0.084375
0 0.15234375 0.58125 0.090625 0.1
0 0.48828125 0.88046875 0.8234375 0.2390625
0 0.725 0.71796875 0.0984375 0.08984375