0 0.16484375 0.575 0.3296875 0.23828125
0 0.1921875 0.91484375 0.384375 0.1703125
0 0.48984375 0.8234375 0.203125 0.353125
0 0.6453125 0.9125 0.0765625 0.171875
0 0.53515625 0.61875 0.0546875 0.0546875
0 0.55625 0.46796875 0.0484375 0.078125
0 0.29921875 0.0953125 0.5984375 0.190625
0 0.08515625 0.3421875 0.1703125 0.071875
0 0.3125 0.34375 0.134375 0.13125
0 0.4578125 0.3265625 0.115625 0.0953125
0 0.08203125 0.2359375 0.1640625 0.084375
0 0.24609375 0.24140625 0.0453125 0.0453125
0 0.40625 0.23359375 0.209375 0.0859375