0 0.1296875 0.1578125 0.259375 0.315625
0 0.38515625 0.1171875 0.2515625 0.234375
0 0.6953125 0.3296875 0.1359375 0.1265625
0 0.58515625 0.2671875 0.1828125 0.27734375
0 0.68046875 0.0921875 0.3421875 0.18359375
0 0.3359375 0.521875 0.3796875 0.2359375
0 0.115625 0.41015625 0.1015625 0.1
0 0.03203125 0.64140625 0.0640625 0.09765625
0 0.35078125 0.8953125 0.7015625 0.209375
0 0.6265625 0.7234375 0.1265625 0.13671875
0 0.721875 0.6640625 0.06875 0.1109375
0 0.76484375 0.49609375 0.059375 0.06640625
0 0.7890625 0.946875 0.0609375 0.10546875