0 0.35234375 0.95 0.1421875 0.1
0 0.43671875 0.7890625 0.140625 0.1109375
0 0.7546875 0.721875 0.221875 0.2203125
0 0.68515625 0.5703125 0.075 0.078125
0 0.6953125 0.3140625 0.165625 0.1640625
0 0.85390625 0.4125 0.146875 0.25
0 0.93671875 0.59296875 0.1265625 0.103125
0 0.915625 0.9609375 0.16875 0.078125
0 0.04921875 0.9578125 0.0984375 0.084375
0 0.0359375 0.55625 0.071875 0.1578125
0 0.02890625 0.31328125 0.0578125 0.19375
0 0.05546875 0.0734375 0.1109375 0.146875
0 0.18046875 0.6421875 0.1515625 0.14453125
0 0.33046875 0.5734375 0.1640625 0.1484375
0 0.44375 0.4421875 0.1859375 0.18359375
0 0.50703125 0.20703125 0.0375 0.0453125
0 0.21875 0.23125 0.321875 0.22265625
0 0.14921875 0.06640625 0.0578125 0.08984375
0 0.14296875 0.40703125 0.0671875 0.0625