0 0.91953125 0.04609375 0.1609375 0.0921875
0 0.946875 0.14453125 0.10625 0.1109375
0 0.95390625 0.24609375 0.0796875 0.08203125
0 0.975 0.4265625 0.05 0.09375
0 0.41640625 0.065625 0.353125 0.13125
0 0.70859375 0.0296875 0.1609375 0.05859375
0 0.171875 0.50859375 0.1625 0.1703125
0 0.05 0.6484375 0.0984375 0.1328125
0 0.059375 0.92109375 0.084375 0.1578125
0 0.05703125 0.5078125 0.053125 0.05078125
0 0.28359375 0.5890625 0.1328125 0.115625
0 0.4203125 0.709375 0.1671875 0.1625
0 0.20234375 0.840625 0.109375 0.10546875
0 0.54921875 0.95625 0.2890625 0.0875
0 0.29296875 0.96796875 0.0890625 0.0640625