0 0.06171875 0.05546875 0.1234375 0.1109375
0 0.2203125 0.071875 0.0921875 0.08203125
0 0.17890625 0.565625 0.3578125 0.86875
0 0.41484375 0.74609375 0.1140625 0.5078125
0 0.76640625 0.903125 0.4671875 0.19375
0 0.81796875 0.59453125 0.0796875 0.0703125
0 0.84921875 0.73828125 0.15625 0.134375
0 0.86015625 0.309375 0.1921875 0.18359375
0 0.4671875 0.21484375 0.18125 0.196875
0 0.5890625 0.19140625 0.034375 0.0390625
0 0.5640625 0.5375 0.178125 0.453125
0 0.68359375 0.3796875 0.0578125 0.05859375
0 0.72109375 0.62890625 0.103125 0.11875