0 0.30703125 0.221875 0.125 0.0953125
0 0.2125 0.22734375 0.05 0.0546875
0 0.08828125 0.2765625 0.1765625 0.1078125
0 0.20546875 0.07109375 0.0609375 0.06875
0 0.4796875 0.0953125 0.0890625 0.0625
0 0.58125 0.0890625 0.09375 0.0703125
0 0.70390625 0.121875 0.159375 0.12890625
0 0.84296875 0.04765625 0.0828125 0.0703125
0 0.86875 0.425 0.1375 0.13671875
0 0.36875 0.6828125 0.7375 0.634375
0 0.77421875 0.6140625 0.0734375 0.07421875
0 0.846875 0.9015625 0.2171875 0.1390625
0 0.93515625 0.76953125 0.04375 0.0390625
0 0.97578125 0.97734375 0.0484375 0.0453125
0 0.728125 0.30546875 0.0421875 0.06875
0 0.37578125 0.3140625 0.103125 0.071875
0 0.96953125 0.30546875 0.0609375 0.0625