0 0.5640625 0.91953125 0.2375 0.1609375
0 0.621875 0.803125 0.0546875 0.0703125
0 0.2359375 0.909375 0.1484375 0.140625
0 0.0765625 0.92890625 0.0984375 0.1421875
0 0.19921875 0.7890625 0.115625 0.084375
0 0.3921875 0.971875 0.1125 0.05625
0 0.06796875 0.6890625 0.1359375 0.2046875
0 0.1953125 0.6109375 0.121875 0.134375
0 0.346875 0.64453125 0.1609375 0.19140625
0 0.41953125 0.55078125 0.090625 0.259375
0 0.5875 0.603125 0.08125 0.13671875
0 0.503125 0.60859375 0.0765625 0.1390625
0 0.48046875 0.39140625 0.040625 0.0625
0 0.5015625 0.27734375 0.0546875 0.0453125
0 0.15625 0.378125 0.2765625 0.19921875
0 0.1359375 0.08203125 0.271875 0.1640625
0 0.02109375 0.2203125 0.0421875 0.06640625
0 0.140625 0.19921875 0.078125 0.0484375
0 0.3515625 0.128125 0.23125 0.25625
0 0.49765625 0.0390625 0.0625 0.078125