0 0.35234375 0.6984375 0.7046875 0.603125
0 0.08515625 0.3265625 0.1703125 0.1328125
0 0.27421875 0.24375 0.190625 0.1171875
0 0.3921875 0.34375 0.1359375 0.10546875
0 0.475 0.11640625 0.109375 0.08984375
0 0.6609375 0.1359375 0.253125 0.15625
0 0.88671875 0.46171875 0.1859375 0.146875
0 0.7078125 0.33671875 0.096875 0.08203125
0 0.7625 0.57109375 0.1125 0.2671875
0 0.8328125 0.93359375 0.2546875 0.1328125
0 0.95234375 0.825 0.0375 0.0453125
0 0.85234375 0.0640625 0.1 0.078125
0 0.978125 0.334375 0.04375 0.0484375
0 0.2015625 0.0921875 0.05625 0.0703125