0 0.03046875 0.78984375 0.0609375 0.2265625
0 0.353125 0.8140625 0.184375 0.1953125
0 0.70078125 0.85625 0.25 0.203125
0 0.8875 0.9109375 0.1265625 0.171875
0 0.94453125 0.60625 0.1109375 0.29296875
0 0.62109375 0.42109375 0.0953125 0.071875
0 0.7234375 0.5171875 0.1109375 0.0875
0 0.8953125 0.390625 0.1046875 0.084375
0 0.21640625 0.146875 0.4328125 0.29296875
0 0.06484375 0.3546875 0.1296875 0.1234375
0 0.51796875 0.05078125 0.1734375 0.1015625
0 0.653125 0.24609375 0.18125 0.12109375
0 0.80234375 0.071875 0.3953125 0.14375
0 0.87265625 0.18671875 0.2546875 0.084375
0 0.89765625 0.25390625 0.2046875 0.05078125