0 0.075 0.3890625 0.103125 0.0859375
0 0.203125 0.32109375 0.0796875 0.071875
0 0.34140625 0.1140625 0.13125 0.228125
0 0.0703125 0.09296875 0.140625 0.1859375
0 0.10859375 0.1953125 0.0734375 0.0859375
0 0.38125 0.57421875 0.2515625 0.146875
0 0.64296875 0.92890625 0.7140625 0.1421875
0 0.80703125 0.7984375 0.3859375 0.11875
0 0.671875 0.6390625 0.1171875 0.0921875
0 0.8796875 0.49609375 0.240625 0.26953125
0 0.96484375 0.6859375 0.0703125 0.1078125
0 0.64296875 0.21015625 0.2625 0.18125
0 0.46640625 0.3640625 0.1328125 0.084375
0 0.6140625 0.3546875 0.0875 0.06640625
0 0.62109375 0.465625 0.1359375 0.0796875
0 0.721875 0.3859375 0.0609375 0.0859375