0 0.02890625 0.77734375 0.0578125 0.2125
0 0.35078125 0.79765625 0.1859375 0.20703125
0 0.69453125 0.8265625 0.2625 0.240625
0 0.88046875 0.91171875 0.1296875 0.1765625
0 0.9390625 0.60546875 0.121875 0.275
0 0.728125 0.521875 0.0921875 0.078125
0 0.621875 0.4203125 0.0828125 0.084375
0 0.896875 0.39140625 0.1203125 0.084375
0 0.6609375 0.246875 0.175 0.1171875
0 0.196875 0.1453125 0.39375 0.290625
0 0.06640625 0.3546875 0.1328125 0.1234375
0 0.43984375 0.09296875 0.0921875 0.1859375
0 0.74296875 0.071875 0.5140625 0.14375
0 0.87734375 0.19921875 0.2453125 0.10546875
0 0.93984375 0.2734375 0.1203125 0.0453125