0 0.025 0.7265625 0.05 0.12890625
0 0.0140625 0.9390625 0.028125 0.12109375
0 0.178125 0.2953125 0.1046875 0.1078125
0 0.1640625 0.01953125 0.1171875 0.0390625
0 0.2421875 0.0890625 0.0828125 0.046875
0 0.27578125 0.0109375 0.0453125 0.021875
0 0.67265625 0.0359375 0.6546875 0.071875
0 0.53203125 0.1828125 0.0609375 0.0390625
0 0.55859375 0.26875 0.0890625 0.05625
0 0.66328125 0.2578125 0.0625 0.08984375
0 0.60625 0.45234375 0.0734375 0.0625
0 0.74453125 0.415625 0.1484375 0.1578125
0 0.86015625 0.52421875 0.1546875 0.11875
0 0.9828125 0.5171875 0.0296875 0.053125
0 0.61796875 0.965625 0.13125 0.06875
0 0.85234375 0.8609375 0.2953125 0.27734375
0 0.9765625 0.66484375 0.046875 0.1171875
0 0.90703125 0.3265625 0.1859375 0.15625
0 0.81484375 0.159375 0.3703125 0.178125