0 0.26953125 0.1671875 0.2 0.1
0 0.06328125 0.55234375 0.1265625 0.8953125
0 0.26796875 0.63203125 0.28125 0.7359375
0 0.78359375 0.84921875 0.4328125 0.3015625
0 0.74375 0.2984375 0.171875 0.18359375
0 0.89453125 0.42890625 0.2109375 0.1390625
0 0.47578125 0.2515625 0.16875 0.109375
0 0.4578125 0.8875 0.0984375 0.225
0 0.53828125 0.95 0.059375 0.1
0 0.5140625 0.63671875 0.2125 0.1171875
0 0.4609375 0.42890625 0.1046875 0.2265625
0 0.58046875 0.4609375 0.1328125 0.1703125
0 0.7140625 0.53828125 0.171875 0.15625
0 0.8484375 0.60859375 0.303125 0.1859375