0 0.20546875 0.8671875 0.1796875 0.2046875
0 0.55703125 0.83203125 0.23125 0.1875
0 0.75078125 0.88984375 0.1484375 0.2203125
0 0.9125 0.96640625 0.175 0.0671875
0 0.846875 0.609375 0.1765625 0.14453125
0 0.959375 0.57421875 0.08125 0.115625
0 0.95625 0.353125 0.0796875 0.05859375
0 0.765625 0.47265625 0.1640625 0.1328125
0 0.54375 0.50625 0.10625 0.071875
0 0.42734375 0.41875 0.078125 0.08203125
0 0.10625 0.1734375 0.2125 0.346875
0 0.60625 0.065625 0.7875 0.13125
0 0.44140625 0.253125 0.16875 0.11328125
0 0.64375 0.18046875 0.2109375 0.09765625
0 0.825 0.25625 0.09375 0.0875
0 0.925 0.1953125 0.15 0.12890625
0 0.69609375 0.3453125 0.1140625 0.0921875