0 0.059375 0.3328125 0.11875 0.23828125
0 0.1515625 0.446875 0.1 0.0640625
0 0.2296875 0.53515625 0.146875 0.13671875
0 0.10546875 0.6453125 0.1546875 0.1703125
0 0.02578125 0.77421875 0.0515625 0.06640625
0 0.24296875 0.83515625 0.1328125 0.1421875
0 0.534375 0.67578125 0.228125 0.28515625
0 0.75390625 0.9265625 0.2921875 0.146875
0 0.9671875 0.759375 0.065625 0.06875
0 0.86953125 0.44375 0.2578125 0.3453125
0 0.50078125 0.3078125 0.3515625 0.13125
0 0.596875 0.4375 0.1609375 0.1234375
0 0.73203125 0.515625 0.2015625 0.1109375
0 0.24140625 0.24375 0.0453125 0.05078125
0 0.196875 0.9890625 0.0734375 0.021875