0 0.0234375 0.1671875 0.046875 0.0703125
0 0.10703125 0.31875 0.18125 0.1171875
0 0.21875 0.4140625 0.13125 0.1109375
0 0.30390625 0.159375 0.1015625 0.071875
0 0.49296875 0.16015625 0.2703125 0.14453125
0 0.7453125 0.06171875 0.24375 0.0859375
0 0.9734375 0.221875 0.053125 0.0796875
0 0.85546875 0.26953125 0.084375 0.146875
0 0.7546875 0.4703125 0.184375 0.15
0 0.54375 0.53046875 0.2 0.16015625
0 0.57109375 0.36328125 0.084375 0.06640625
0 0.1546875 0.5390625 0.1359375 0.0921875
0 0.23046875 0.796875 0.4609375 0.40625
0 0.5296875 0.87109375 0.1375 0.2578125
0 0.646875 0.68046875 0.1515625 0.11328125
0 0.953125 0.64140625 0.09375 0.15234375
0 0.96328125 0.38984375 0.0734375 0.12890625
0 0.74296875 0.9546875 0.2859375 0.08984375
0 0.85703125 0.83125 0.053125 0.0546875
0 0.22734375 0.234375 0.05 0.103125
0 0.753125 0.646875 0.0296875 0.04296875