0 0.06171875 0.7828125 0.1234375 0.2984375
0 0.39609375 0.79375 0.190625 0.17578125
0 0.74765625 0.865625 0.23125 0.19140625
0 0.9328125 0.921875 0.134375 0.15625
0 0.6984375 0.4328125 0.1 0.08203125
0 0.7875 0.5390625 0.1265625 0.06640625
0 0.95859375 0.50078125 0.0828125 0.24375
0 0.1046875 0.31640625 0.203125 0.15
0 0.19453125 0.190625 0.1796875 0.18359375
0 0.37265625 0.1421875 0.4203125 0.284375
0 0.79140625 0.0765625 0.4171875 0.15234375
0 0.746875 0.25390625 0.1953125 0.1265625
0 0.90390625 0.21171875 0.1921875 0.115625
0 0.978125 0.284375 0.04375 0.03125