0 0.9421875 0.5984375 0.115625 0.178125
0 0.85546875 0.753125 0.1390625 0.1546875
0 0.66875 0.4109375 0.16875 0.115625
0 0.07578125 0.353125 0.1515625 0.196875
0 0.3796875 0.53984375 0.296875 0.2171875
0 0.10234375 0.57109375 0.1828125 0.2125
0 0.0359375 0.85625 0.071875 0.1015625
0 0.215625 0.77265625 0.1296875 0.084375
0 0.3421875 0.92109375 0.203125 0.1578125
0 0.590625 0.7640625 0.2515625 0.37890625
0 0.73046875 0.946875 0.1375 0.10546875
0 0.8734375 0.98046875 0.059375 0.0390625
0 0.3828125 0.34296875 0.10625 0.13125