0 0.20546875 0.07890625 0.0625 0.0625
0 0.3015625 0.753125 0.603125 0.49375
0 0.64765625 0.8328125 0.0890625 0.334375
0 0.8296875 0.92265625 0.2703125 0.1546875
0 0.74140625 0.646875 0.146875 0.103125
0 0.68203125 0.48046875 0.1875 0.15234375
0 0.878125 0.45234375 0.159375 0.14453125
0 0.61796875 0.1375 0.378125 0.1234375
0 0.271875 0.23828125 0.1875 0.10546875
0 0.096875 0.303125 0.1609375 0.11875
0 0.334375 0.4328125 0.0796875 0.08984375
0 0.37890625 0.33515625 0.1109375 0.06875
0 0.71484375 0.33671875 0.078125 0.0625
0 0.8484375 0.05 0.0734375 0.0484375
0 0.94375 0.1234375 0.1125 0.06875
0 0.97109375 0.33515625 0.0578125 0.0625
0 0.95 0.80546875 0.0359375 0.053125