0 0.115625 0.3953125 0.23125 0.2359375
0 0.08828125 0.05390625 0.1765625 0.1078125
0 0.0453125 0.125 0.090625 0.040625
0 0.0171875 0.1609375 0.0328125 0.025
0 0.02265625 0.246875 0.0421875 0.05859375
0 0.125 0.25390625 0.0390625 0.0375
0 0.275 0.19453125 0.053125 0.046875
0 0.2515625 0.146875 0.040625 0.0453125
0 0.36796875 0.3609375 0.1328125 0.15234375
0 0.27890625 0.4625 0.0921875 0.1109375
0 0.38125 0.590625 0.1875 0.21484375
0 0.17890625 0.665625 0.125 0.09765625
0 0.0828125 0.5875 0.128125 0.11328125
0 0.09765625 0.6875 0.0828125 0.08984375
0 0.16015625 0.8078125 0.3203125 0.15625
0 0.05390625 0.946875 0.10625 0.10546875
0 0.1859375 0.9421875 0.1296875 0.115625
0 0.30546875 0.94296875 0.0828125 0.1140625
0 0.48515625 0.72265625 0.0265625 0.025
0 0.23359375 0.19375 0.0234375 0.03125
0 0.4265625 0.8984375 0.08125 0.0765625
0 0.4390625 0.98203125 0.0375 0.0359375
0 0.35859375 0.884375 0.0578125 0.1
0 0.49921875 0.82421875 0.1265625 0.15625
0 0.28671875 0.29765625 0.015625 0.0234375
0 0.3203125 0.27265625 0.05625 0.02734375
0 0.21875 0.25703125 0.0578125 0.03125
0 0.371875 0.46796875 0.0234375 0.01953125
0 0.253125 0.553125 0.05 0.0625
0 0.415625 0.81953125 0.0453125 0.0484375
0 0.45625 0.9546875 0.0109375 0.015625