0 0.04453125 0.33984375 0.084375 0.0765625
0 0.06171875 0.4875 0.1234375 0.12109375
0 0.0421875 0.86640625 0.0828125 0.2109375
0 0.54375 0.1390625 0.109375 0.11328125
0 0.6046875 0.03984375 0.0609375 0.03515625
0 0.68671875 0.20234375 0.1171875 0.078125
0 0.8296875 0.1015625 0.05 0.0390625
0 0.9421875 0.2953125 0.08125 0.08203125
0 0.353125 0.63984375 0.0828125 0.0703125
0 0.43515625 0.50390625 0.109375 0.1625
0 0.71171875 0.53828125 0.36875 0.48046875
0 0.94765625 0.5609375 0.1046875 0.265625
0 0.1390625 0.365625 0.0203125 0.01953125