0 0.4359375 0.225 0.215625 0.15625
0 0.2984375 0.3546875 0.1296875 0.07421875
0 0.56640625 0.3703125 0.1453125 0.13671875
0 0.4703125 0.446875 0.1703125 0.084375
0 0.7328125 0.33671875 0.128125 0.146875
0 0.653125 0.7125 0.0734375 0.0625
0 0.61484375 0.25 0.1015625 0.0640625
0 0.78359375 0.51953125 0.1640625 0.09765625
0 0.91484375 0.590625 0.1703125 0.178125
0 0.24453125 0.2078125 0.06875 0.084375
0 0.64765625 0.43359375 0.1453125 0.1703125
0 0.95390625 0.4453125 0.0921875 0.09375
0 0.92109375 0.3484375 0.059375 0.0703125
0 0.640625 0.178125 0.121875 0.053125
0 0.96640625 0.96953125 0.0671875 0.0609375
0 0.20859375 0.2671875 0.096875 0.09375
0 0.975 0.3046875 0.05 0.08984375
0 0.93671875 0.8375 0.125 0.1328125
0 0.759375 0.165625 0.04375 0.02734375
0 0.80625 0.225 0.071875 0.078125
0 0.9109375 0.2046875 0.1328125 0.07421875
0 0.05 0.709375 0.1 0.1953125
0 0.55546875 0.2015625 0.0515625 0.0453125
0 0.01640625 0.38125 0.0328125 0.05078125
0 0.16953125 0.17265625 0.0515625 0.0546875
0 0.05 0.25 0.1 0.209375
0 0.21484375 0.66796875 0.2390625 0.1703125
0 0.009375 0.8640625 0.01875 0.06875