0 0.70078125 0.721875 0.221875 0.18359375
0 0.2546875 0.559375 0.1765625 0.12109375
0 0.48046875 0.70390625 0.20625 0.11328125
0 0.16015625 0.43359375 0.121875 0.08984375
0 0.584375 0.56875 0.1609375 0.1578125
0 0.8828125 0.83515625 0.196875 0.2015625
0 0.4171875 0.3828125 0.2359375 0.1234375
0 0.66953125 0.290625 0.1375 0.0640625
0 0.7421875 0.5265625 0.271875 0.19921875
0 0.42578125 0.2953125 0.109375 0.0703125
0 0.65625 0.396875 0.1296875 0.0796875
0 0.5796875 0.32421875 0.0609375 0.0609375
0 0.01796875 0.36875 0.0359375 0.07421875
0 0.296875 0.228125 0.028125 0.0375
0 0.15078125 0.3203125 0.0234375 0.0234375
0 0.22421875 0.3265625 0.0703125 0.0546875
0 0.97265625 0.921875 0.0546875 0.15625
0 0.11875 0.2734375 0.0640625 0.0609375
0 0.0765625 0.96875 0.078125 0.0625
0 0.91875 0.34296875 0.1625 0.1265625
0 0.4390625 0.48046875 0.0546875 0.04296875
0 0.91328125 0.446875 0.028125 0.03125