0 0.4609375 0.61015625 0.4 0.234375
0 0.7171875 0.65 0.153125 0.1234375
0 0.08125 0.7125 0.1359375 0.146875
0 0.55859375 0.89140625 0.096875 0.1265625
0 0.4453125 0.78203125 0.084375 0.06640625
0 0.2203125 0.89453125 0.2203125 0.17578125
0 0.76953125 0.471875 0.1359375 0.0921875
0 0.93046875 0.696875 0.090625 0.0875
0 0.6703125 0.490625 0.0390625 0.05078125
0 0.78515625 0.95078125 0.1265625 0.0984375
0 0.20078125 0.4890625 0.140625 0.146875
0 0.39375 0.4609375 0.0625 0.0609375
0 0.9125 0.88203125 0.1671875 0.1796875
0 0.071875 0.43671875 0.0765625 0.08203125
0 0.7671875 0.78125 0.228125 0.1421875
0 0.903125 0.43828125 0.0734375 0.04296875
0 0.65234375 0.946875 0.1453125 0.103125
0 0.21796875 0.39140625 0.025 0.02734375
0 0.965625 0.596875 0.06875 0.0703125
0 0.2671875 0.3921875 0.03125 0.02734375
0 0.940625 0.97265625 0.10625 0.0546875