0 0.29921875 0.4625 0.1765625 0.2125
0 0.22734375 0.62578125 0.1546875 0.1171875
0 0.21328125 0.284375 0.2 0.16796875
0 0.38828125 0.85703125 0.3453125 0.2859375
0 0.5359375 0.290625 0.1671875 0.271875
0 0.103125 0.07890625 0.20625 0.1578125
0 0.11640625 0.44453125 0.159375 0.12109375
0 0.1 0.62578125 0.078125 0.1015625
0 0.05703125 0.22578125 0.1140625 0.1421875
0 0.06875 0.74375 0.1375 0.1390625
0 0.0140625 0.35625 0.028125 0.046875
0 0.590625 0.8296875 0.028125 0.040625
0 0.03203125 0.92109375 0.0640625 0.1578125
0 0.2734375 0.07890625 0.1125 0.15234375
0 0.6109375 0.9328125 0.028125 0.040625
0 0.3859375 0.16875 0.1234375 0.1484375
0 0.4796875 0.0953125 0.0546875 0.071875
0 0.41328125 0.34765625 0.1015625 0.20703125
0 0.4796875 0.490625 0.065625 0.11875
0 0.5890625 0.509375 0.0546875 0.12890625