0 0.384375 0.421875 0.06875 0.05859375
0 0.45234375 0.32890625 0.06875 0.1015625
0 0.08203125 0.634375 0.1640625 0.24375
0 0.125 0.3328125 0.1140625 0.09375
0 0.696875 0.3578125 0.3359375 0.328125
0 0.5328125 0.0875 0.0796875 0.05078125
0 0.875 0.2 0.071875 0.0546875
0 0.08046875 0.21953125 0.128125 0.05859375
0 0.78828125 0.0484375 0.0390625 0.03125
0 0.19765625 0.240625 0.01875 0.02734375
0 0.0421875 0.85234375 0.084375 0.1484375
0 0.9328125 0.4265625 0.134375 0.24375
0 0.653125 0.12421875 0.078125 0.03515625
0 0.9828125 0.884375 0.034375 0.0859375