0 0.0625 0.4515625 0.125 0.15625
0 0.440625 0.6015625 0.109375 0.203125
0 0.34765625 0.5609375 0.0734375 0.08203125
0 0.38515625 0.75625 0.0890625 0.08203125
0 0.40078125 0.33671875 0.2640625 0.1875
0 0.52109375 0.5453125 0.053125 0.08984375
0 0.4328125 0.2015625 0.0765625 0.0875
0 0.19375 0.303125 0.1453125 0.13671875
0 0.096875 0.7765625 0.19375 0.09375
0 0.23984375 0.48828125 0.1453125 0.1171875
0 0.16953125 0.2046875 0.1703125 0.125
0 0.06484375 0.078125 0.1296875 0.15625
0 0.0265625 0.2703125 0.053125 0.1796875
0 0.271875 0.834375 0.0578125 0.046875
0 0.16015625 0.0390625 0.08125 0.078125
0 0.52890625 0.7234375 0.05 0.06875
0 0.04140625 0.65 0.075 0.1015625
0 0.0421875 0.5625 0.040625 0.03515625
0 0.0953125 0.3265625 0.0640625 0.1015625
0 0.515625 0.896875 0.05625 0.08203125
0 0.2703125 0.775 0.025 0.03125
0 0.54609375 0.96796875 0.0703125 0.0640625
0 0.48203125 0.953125 0.0203125 0.02734375
0 0.0125 0.609375 0.025 0.02734375
0 0.38046875 0.01484375 0.0390625 0.0296875
0 0.45625 0.90234375 0.0265625 0.0234375
0 0.3109375 0.10859375 0.1890625 0.178125
0 0.0953125 0.703125 0.040625 0.040625
0 0.15546875 0.8453125 0.15 0.0390625
0 0.28671875 0.9359375 0.06875 0.1109375
0 0.40234375 0.98125 0.1328125 0.0375
0 0.38125 0.9375 0.0171875 0.01953125
0 0.2078125 0.396875 0.0734375 0.0609375
0 0.14609375 0.3859375 0.0421875 0.0390625
0 0.4671875 0.771875 0.0203125 0.03125