0 0.42734375 0.28828125 0.20625 0.19375
0 0.82109375 0.63671875 0.18125 0.13125
0 0.66875 0.5515625 0.184375 0.15
0 0.18046875 0.3296875 0.115625 0.12890625
0 0.56015625 0.253125 0.065625 0.0703125
0 0.57890625 0.4296875 0.171875 0.1625
0 0.4765625 0.534375 0.203125 0.1078125
0 0.27578125 0.428125 0.1515625 0.0921875
0 0.6578125 0.225 0.1359375 0.0546875
0 0.753125 0.4015625 0.153125 0.19140625
0 0.61953125 0.3109375 0.109375 0.078125
0 0.24765625 0.24921875 0.1109375 0.10546875
0 0.68515625 0.89375 0.0734375 0.06640625
0 0.1546875 0.2109375 0.06875 0.0625
0 0.02421875 0.86875 0.0484375 0.171875
0 0.846875 0.30078125 0.0796875 0.1265625
0 0.9734375 0.41796875 0.053125 0.0953125
0 0.93984375 0.7265625 0.1203125 0.23046875
0 0.9390625 0.26171875 0.121875 0.11328125
0 0.14609375 0.8296875 0.1828125 0.228125
0 0.021875 0.3890625 0.04375 0.05625
0 0.97734375 0.525 0.0453125 0.05078125
0 0.046875 0.284375 0.0578125 0.0703125
0 0.2734375 0.8421875 0.0734375 0.1484375
0 0.903125 0.384375 0.021875 0.0296875
0 0.99140625 0.98515625 0.0171875 0.025