0 0.2359375 0.71484375 0.196875 0.15625
0 0.68125 0.50625 0.1375 0.09375
0 0.44765625 0.4453125 0.3484375 0.2109375
0 0.221875 0.3328125 0.1203125 0.084375
0 0.703125 0.36875 0.134375 0.0625
0 0.44296875 0.6015625 0.075 0.05859375
0 0.2390625 0.4796875 0.0640625 0.04296875
0 0.128125 0.546875 0.1234375 0.1
0 0.10390625 0.3453125 0.0671875 0.07421875
0 0.8515625 0.3421875 0.078125 0.0296875
0 0.471875 0.321875 0.06875 0.03125
0 0.95546875 0.9859375 0.0890625 0.02734375
0 0.2015625 0.4234375 0.040625 0.04296875
0 0.47109375 0.89921875 0.2078125 0.15625
0 0.63125 0.74375 0.24375 0.2125
0 0.7265625 0.6078125 0.221875 0.109375
0 0.84765625 0.7203125 0.165625 0.18359375
0 0.7234375 0.9234375 0.3046875 0.15234375
0 0.8640625 0.5375 0.0640625 0.0625
0 0.9375 0.48125 0.109375 0.0796875
0 0.984375 0.4078125 0.03125 0.109375
0 0.965625 0.55859375 0.0328125 0.04296875