0 0.7109375 0.7546875 0.221875 0.203125
0 0.25078125 0.58125 0.1765625 0.12109375
0 0.4890625 0.725 0.2234375 0.1390625
0 0.14609375 0.46171875 0.13125 0.09375
0 0.7734375 0.55625 0.228125 0.196875
0 0.67578125 0.3 0.1328125 0.0609375
0 0.58359375 0.5875 0.1515625 0.140625
0 0.41171875 0.39140625 0.2296875 0.2515625
0 0.89296875 0.8828125 0.2140625 0.1796875
0 0.565625 0.3578125 0.08125 0.1015625
0 0.6578125 0.4546875 0.1328125 0.17578125
0 0.0140625 0.375 0.028125 0.071875
0 0.91875 0.4015625 0.1625 0.23046875
0 0.0921875 0.9859375 0.040625 0.02734375
0 0.1703125 0.3375 0.15 0.1390625