0 0.11015625 0.54375 0.2203125 0.2515625
0 0.56171875 0.76953125 0.0890625 0.1421875
0 0.42578125 0.16015625 0.09375 0.1171875
0 0.0890625 0.1 0.178125 0.11328125
0 0.17734375 0.9546875 0.1859375 0.08984375
0 0.10859375 0.30078125 0.2171875 0.1546875
0 0.434375 0.77421875 0.0859375 0.13671875
0 0.03515625 0.95859375 0.0703125 0.0828125
0 0.26015625 0.7609375 0.1703125 0.26953125
0 0.2625 0.1 0.1265625 0.0953125
0 0.13828125 0.828125 0.028125 0.03125
0 0.334375 0.02734375 0.315625 0.0546875
0 0.49453125 0.11796875 0.0484375 0.046875
0 0.1265625 0.8671875 0.0296875 0.0390625
0 0.0546875 0.7640625 0.109375 0.1703125
0 0.3203125 0.35 0.1578125 0.15625
0 0.15234375 0.02265625 0.0796875 0.0453125
0 0.0453125 0.021875 0.0828125 0.040625
0 0.03671875 0.1984375 0.0734375 0.07421875
0 0.51328125 0.4078125 0.0671875 0.0921875
0 0.346875 0.14140625 0.0578125 0.0703125
0 0.403125 0.553125 0.2671875 0.3203125