0 0.284375 0.37890625 0.334375 0.2890625
0 0.0546875 0.3078125 0.109375 0.103125
0 0.45390625 0.578125 0.1078125 0.14453125
0 0.2890625 0.78046875 0.209375 0.15
0 0.26796875 0.071875 0.05 0.0484375
0 0.071875 0.178125 0.14375 0.13671875
0 0.215625 0.6609375 0.1046875 0.1265625
0 0.34140625 0.665625 0.075 0.1
0 0.4734375 0.96171875 0.071875 0.0765625
0 0.09140625 0.03046875 0.1203125 0.0609375
0 0.34453125 0.92734375 0.1921875 0.1453125
0 0.19609375 0.01875 0.0796875 0.0375
0 0.0265625 0.6078125 0.053125 0.08984375
0 0.1578125 0.1078125 0.0984375 0.1015625
0 0.00625 0.4046875 0.0125 0.02734375
0 0.0296875 0.71015625 0.059375 0.0953125
0 0.12421875 0.8453125 0.2453125 0.17578125
0 0.1234375 0.96640625 0.246875 0.0671875
0 0.58203125 0.96796875 0.0296875 0.01953125