0 0.434375 0.25625 0.0640625 0.078125
0 0.19609375 0.940625 0.1453125 0.1171875
0 0.0421875 0.5 0.084375 0.13671875
0 0.52734375 0.7875 0.071875 0.103125
0 0.184375 0.734375 0.0453125 0.0484375
0 0.0859375 0.3421875 0.1 0.1171875
0 0.340625 0.06875 0.125 0.13671875
0 0.55546875 0.88203125 0.0421875 0.04296875
0 0.22109375 0.83125 0.1296875 0.109375
0 0.4078125 0.52734375 0.0203125 0.025
0 0.36640625 0.59765625 0.059375 0.1
0 0.4015625 0.475 0.0609375 0.06875
0 0.328125 0.72265625 0.1515625 0.1015625
0 0.12890625 0.125 0.0734375 0.078125
0 0.1890625 0.0765625 0.0765625 0.078125
0 0.13828125 0.20234375 0.1125 0.09765625
0 0.290625 0.5765625 0.084375 0.1015625
0 0.4375 0.91875 0.06875 0.0796875
0 0.21015625 0.01875 0.06875 0.0375
0 0.27109375 0.065625 0.053125 0.0703125
0 0.05625 0.9203125 0.0515625 0.04296875
0 0.0203125 0.78046875 0.040625 0.0703125
0 0.075 0.865625 0.078125 0.06640625
0 0.08671875 0.76484375 0.028125 0.046875
0 0.36875 0.8296875 0.1171875 0.11328125