0 0.73046875 0.8890625 0.1265625 0.15
0 0.85703125 0.8890625 0.134375 0.08203125
0 0.959375 0.884375 0.08125 0.2125
0 0.45390625 0.25859375 0.071875 0.0953125
0 0.103125 0.4953125 0.20625 0.2015625
0 0.10078125 0.67578125 0.10625 0.125
0 0.7453125 0.2921875 0.4765625 0.3203125
0 0.3984375 0.33125 0.06875 0.05078125
0 0.11015625 0.1640625 0.115625 0.05859375
0 0.159375 0.2578125 0.1109375 0.078125
0 0.65 0.084375 0.0453125 0.0328125
0 0.91171875 0.9625 0.0734375 0.07421875
0 0.53046875 0.040625 0.078125 0.078125
0 0.934375 0.690625 0.0609375 0.0796875
0 0.22421875 0.184375 0.01875 0.02734375
0 0.765625 0.0203125 0.03125 0.02734375
0 0.9859375 0.62109375 0.028125 0.0484375
0 0.7984375 0.98203125 0.1875 0.0359375
0 0.3015625 0.88203125 0.034375 0.0375
0 0.01640625 0.22265625 0.0328125 0.046875