0 0.10859375 0.4421875 0.2171875 0.1875
0 0.171875 0.8171875 0.171875 0.1265625
0 0.54609375 0.625 0.084375 0.1265625
0 0.2265625 0.61328125 0.2015625 0.2359375
0 0.08203125 0.03046875 0.1640625 0.0609375
0 0.43046875 0.63203125 0.0953125 0.134375
0 0.2515625 0.03203125 0.11875 0.0625
0 0.3890625 0.93046875 0.253125 0.1390625
0 0.4546875 0.4109375 0.175 0.2953125
0 0.046875 0.93671875 0.09375 0.1234375
0 0.4296875 0.06953125 0.0828125 0.1078125
0 0.49375 0.1671875 0.0359375 0.03125
0 0.0609375 0.61796875 0.121875 0.16796875
0 0.57890625 0.978125 0.0234375 0.0328125
0 0.11171875 0.1703125 0.2234375 0.1875
0 0.3515625 0.70703125 0.04375 0.0296875
0 0.0078125 0.28828125 0.015625 0.03515625
0 0.04140625 0.8140625 0.0828125 0.12109375
0 0.27890625 0.7609375 0.021875 0.021875
0 0.334375 0.05546875 0.0328125 0.0609375
0 0.3578125 0.196875 0.0703125 0.0625
0 0.30078125 0.353125 0.1375 0.265625
0 0.34921875 0.54296875 0.04375 0.103125