0 0.33984375 0.6796875 0.146875 0.12890625
0 0.125 0.353125 0.25 0.1171875
0 0.10625 0.921875 0.1 0.10546875
0 0.24140625 0.54609375 0.115625 0.13671875
0 0.43984375 0.85625 0.0546875 0.0625
0 0.15390625 0.8171875 0.0890625 0.053125
0 0.1875 0.6734375 0.128125 0.1234375
0 0.29609375 0.29765625 0.084375 0.08203125
0 0.0859375 0.5046875 0.1703125 0.178125
0 0.40234375 0.32109375 0.134375 0.15234375
0 0.26875 0.15 0.5375 0.3
0 0.18125 0.76484375 0.0890625 0.0625
0 0.38125 0.465625 0.2078125 0.1546875
0 0.0125 0.71171875 0.025 0.05859375