0 0.36328125 0.4984375 0.1921875 0.2125
0 0.08671875 0.50859375 0.1015625 0.115625
0 0.15703125 0.5796875 0.1421875 0.10546875
0 0.15625 0.71015625 0.3125 0.16015625
0 0.04609375 0.85 0.0921875 0.11875
0 0.3015625 0.83671875 0.0828125 0.10546875
0 0.08671875 0.05 0.1734375 0.1
0 0.35 0.29375 0.121875 0.1328125
0 0.25390625 0.090625 0.034375 0.04296875
0 0.27265625 0.13359375 0.0453125 0.04296875
0 0.23125 0.953125 0.15 0.09375
0 0.48671875 0.734375 0.1328125 0.2015625
0 0.27734375 0.37890625 0.078125 0.1109375
0 0.12109375 0.3328125 0.2421875 0.21484375
0 0.02265625 0.18828125 0.0453125 0.05625
0 0.346875 0.7703125 0.0671875 0.09375
0 0.1296875 0.190625 0.034375 0.0390625
0 0.034375 0.946875 0.06875 0.078125
0 0.23828125 0.4703125 0.071875 0.07421875
0 0.18046875 0.85 0.1328125 0.12109375
0 0.4078125 0.83984375 0.0984375 0.20703125
0 0.40234375 0.709375 0.046875 0.0375