0 0.48046875 0.425 0.08125 0.1234375
0 0.34453125 0.4234375 0.1078125 0.1078125
0 0.3625 0.82734375 0.315625 0.3453125
0 0.15859375 0.6171875 0.1921875 0.125
0 0.09609375 0.30390625 0.1921875 0.1421875
0 0.21171875 0.4546875 0.1546875 0.1875
0 0.0171875 0.04609375 0.034375 0.0921875
0 0.1296875 0.10625 0.1296875 0.13125
0 0.33046875 0.20625 0.2703125 0.328125
0 0.0625 0.4546875 0.125 0.15625
0 0.03828125 0.7203125 0.0765625 0.2578125
0 0.01796875 0.9390625 0.0359375 0.12109375
0 0.18828125 0.853125 0.034375 0.040625
0 0.53046875 0.73125 0.0203125 0.025
0 0.53828125 0.95 0.0203125 0.0375