0 0.05859375 0.08984375 0.1171875 0.140625
0 0.19765625 0.09765625 0.1328125 0.1109375
0 0.35234375 0.07421875 0.221875 0.125
0 0.3765625 0.19609375 0.2265625 0.103125
0 0.08671875 0.2578125 0.16875 0.19921875
0 0.23984375 0.30625 0.1046875 0.1625
0 0.34296875 0.4234375 0.1484375 0.15234375
0 0.18203125 0.48046875 0.134375 0.21875
0 0.07578125 0.75078125 0.1484375 0.271875
0 0.296875 0.896875 0.0921875 0.125
0 0.40859375 0.80390625 0.0671875 0.08984375
0 0.38203125 0.93125 0.0484375 0.13671875
0 0.440625 0.6 0.040625 0.0640625
0 0.45390625 0.76875 0.0078125 0.0171875
0 0.41484375 0.85546875 0.0140625 0.02734375
0 0.009375 0.46875 0.01875 0.046875
0 0.0984375 0.53828125 0.021875 0.0234375
0 0.4234375 0.33203125 0.015625 0.02734375