0 0.659375 0.8296875 0.1296875 0.1078125
0 0.59609375 0.1578125 0.2984375 0.203125
0 0.5375 0.3296875 0.215625 0.1234375
0 0.9453125 0.75625 0.046875 0.0609375
0 0.9625 0.96015625 0.075 0.078125
0 0.7796875 0.7375 0.096875 0.1328125
0 0.61171875 0.4453125 0.128125 0.0875
0 0.509375 0.5453125 0.0390625 0.05078125
0 0.85078125 0.459375 0.1015625 0.0625
0 0.78046875 0.8546875 0.028125 0.021875
0 0.64765625 0.5734375 0.2046875 0.1734375
0 0.87421875 0.23359375 0.2515625 0.1625
0 0.903125 0.8765625 0.053125 0.046875
0 0.5125 0.4671875 0.09375 0.0625
0 0.72421875 0.2984375 0.040625 0.040625
0 0.8171875 0.94609375 0.128125 0.1078125
0 0.98203125 0.88125 0.0359375 0.0625
0 0.93046875 0.56328125 0.0578125 0.0484375
0 0.775 0.36796875 0.2578125 0.09375
0 0.71953125 0.4546875 0.0953125 0.06640625
0 0.7921875 0.525 0.0828125 0.05078125
0 0.87734375 0.63125 0.2453125 0.10546875