0 0.35078125 0.50390625 0.0671875 0.109375
0 0.46484375 0.5015625 0.06875 0.0921875
0 0.12578125 0.6921875 0.1609375 0.1265625
0 0.36953125 0.29609375 0.1578125 0.290625
0 0.33046875 0.8609375 0.2921875 0.271875
0 0.08046875 0.359375 0.1609375 0.16796875
0 0.1734375 0.53203125 0.1859375 0.19375
0 0.30078125 0.11640625 0.053125 0.0703125
0 0.2421875 0.2390625 0.103125 0.234375
0 0.0140625 0.7046875 0.028125 0.09765625
0 0.2875 0.44375 0.0484375 0.07421875
0 0.0359375 0.51484375 0.071875 0.1421875
0 0.03515625 0.0171875 0.0703125 0.034375
0 0.025 0.83203125 0.05 0.1390625
0 0.01328125 0.128125 0.0265625 0.134375
0 0.1140625 0.15234375 0.14375 0.1390625
0 0.165625 0.0109375 0.0375 0.021875
0 0.28359375 0.0234375 0.015625 0.02734375
0 0.3390625 0.0265625 0.028125 0.0453125
0 0.51328125 0.8109375 0.0296875 0.03515625
0 0.54375 0.9046875 0.034375 0.0375