0 0.18046875 0.82421875 0.16875 0.1234375
0 0.03828125 0.19609375 0.0765625 0.115625
0 0.5515625 0.6234375 0.0859375 0.134375
0 0.440625 0.6265625 0.0953125 0.1421875
0 0.4625 0.40546875 0.171875 0.29296875
0 0.28046875 0.04375 0.1609375 0.0875
0 0.06328125 0.6390625 0.1265625 0.12890625
0 0.2515625 0.61640625 0.1734375 0.24609375
0 0.084375 0.034375 0.16875 0.06875
0 0.11484375 0.44609375 0.2296875 0.1625
0 0.428125 0.06953125 0.0828125 0.103125
0 0.0515625 0.9359375 0.103125 0.125
0 0.39453125 0.934375 0.240625 0.13125
0 0.49921875 0.1703125 0.0328125 0.0296875
0 0.5859375 0.978125 0.0265625 0.03515625
0 0.0375 0.8390625 0.0515625 0.06640625
0 0.33984375 0.55078125 0.0890625 0.09375
0 0.04140625 0.1 0.0828125 0.071875
0 0.10625 0.09296875 0.03125 0.03125
0 0.009375 0.27734375 0.0171875 0.05078125
0 0.15859375 0.20390625 0.1375 0.146875
0 0.0453125 0.321875 0.0171875 0.0234375
0 0.075 0.5515625 0.0921875 0.053125
0 0.14453125 0.6796875 0.0359375 0.05078125
0 0.06796875 0.7859375 0.0265625 0.0328125
0 0.30234375 0.3625 0.146875 0.26171875
0 0.29609375 0.21015625 0.0234375 0.02734375
0 0.37890625 0.19609375 0.040625 0.053125
0 0.38828125 0.715625 0.059375 0.02734375
0 0.478125 0.03984375 0.01875 0.0296875
0 0.44296875 0.146875 0.01875 0.01953125
0 0.4203125 0.2359375 0.0171875 0.021875