0 0.14453125 0.7 0.128125 0.12109375
0 0.0765625 0.9 0.1421875 0.19921875
0 0.93125 0.6234375 0.1375 0.08203125
0 0.2515625 0.1375 0.2703125 0.1859375
0 0.3125 0.66328125 0.09375 0.05859375
0 0.63125 0.965625 0.2015625 0.06875
0 0.19375 0.8078125 0.0625 0.040625
0 0.9390625 0.2328125 0.0734375 0.08203125
0 0.82890625 0.71484375 0.3328125 0.11875
0 0.178125 0.93125 0.053125 0.0640625
0 0.12421875 0.271875 0.1640625 0.07421875
0 0.38515625 0.3390625 0.1828125 0.0703125
0 0.25078125 0.290625 0.065625 0.0453125
0 0.93125 0.7390625 0.1375 0.1265625
0 0.67109375 0.290625 0.1328125 0.09765625
0 0.08359375 0.1703125 0.0640625 0.0296875
0 0.43203125 0.12578125 0.103125 0.05859375
0 0.7171875 0.0328125 0.0515625 0.025
0 0.04453125 0.2140625 0.0890625 0.0453125
0 0.2796875 0.74375 0.0359375 0.0765625
0 0.09453125 0.39375 0.1890625 0.1546875
0 0.10390625 0.5578125 0.1625 0.1171875
0 0.38203125 0.52265625 0.35625 0.2015625
0 0.43515625 0.22265625 0.2375 0.134375
0 0.5625 0.39375 0.2203125 0.15
0 0.75703125 0.4234375 0.203125 0.1234375
0 0.5046875 0.0359375 0.2453125 0.071875
0 0.51015625 0.0859375 0.0265625 0.0171875
0 0.65234375 0.16875 0.1171875 0.09375
0 0.79296875 0.21015625 0.171875 0.13125
0 0.809375 0.028125 0.0578125 0.03125
0 0.93046875 0.0828125 0.1296875 0.071875