0 0.1203125 0.42265625 0.240625 0.2578125
0 0.79453125 0.665625 0.1203125 0.06640625
0 0.46328125 0.184375 0.0578125 0.0640625
0 0.675 0.6703125 0.0625 0.09375
0 0.925 0.7015625 0.1421875 0.234375
0 0.40546875 0.23828125 0.0359375 0.0390625
0 0.878125 0.5296875 0.0625 0.08203125
0 0.20625 0.18359375 0.1015625 0.08203125
0 0.8609375 0.76953125 0.059375 0.1421875
0 0.1078125 0.91484375 0.215625 0.1546875
0 0.73984375 0.759375 0.1453125 0.1328125
0 0.5296875 0.021875 0.0671875 0.04296875
0 0.33203125 0.646875 0.053125 0.05859375
0 0.6375 0.0453125 0.04375 0.0296875
0 0.04453125 0.709375 0.0890625 0.19921875
0 0.04921875 0.1734375 0.084375 0.084375
0 0.153125 0.1140625 0.115625 0.0484375
0 0.6515625 0.2234375 0.275 0.15625
0 0.896875 0.24296875 0.20625 0.20703125
0 0.95703125 0.51640625 0.0859375 0.13671875