0 0.59375 0.1796875 0.353125 0.2578125
0 0.88984375 0.8328125 0.1296875 0.09765625
0 0.528125 0.5875 0.1140625 0.08203125
0 0.8625 0.221875 0.159375 0.06640625
0 0.92109375 0.57421875 0.140625 0.0765625
0 0.81015625 0.46171875 0.2234375 0.1265625
0 0.6515625 0.57109375 0.140625 0.10546875
0 0.5140625 0.71796875 0.0484375 0.07421875
0 0.5640625 0.4 0.2765625 0.1703125
0 0.6296875 0.815625 0.1203125 0.0859375
0 0.85703125 0.925 0.078125 0.07421875
0 0.57734375 0.97734375 0.0609375 0.0453125
0 0.76015625 0.58984375 0.096875 0.05859375
0 0.8890625 0.31875 0.221875 0.17578125
0 0.7859375 0.540625 0.0515625 0.04296875
0 0.7171875 0.696875 0.171875 0.15234375
0 0.959375 0.4859375 0.06875 0.0484375
0 0.97890625 0.84375 0.0421875 0.0625
0 0.50859375 0.47734375 0.0859375 0.0640625
0 0.88125 0.6859375 0.1734375 0.125
0 0.7578125 0.3578125 0.046875 0.05078125
0 0.59296875 0.721875 0.075 0.0796875
0 0.86015625 0.99140625 0.0390625 0.0171875