0 0.24140625 0.86796875 0.03125 0.05625
0 0.9296875 0.72265625 0.0390625 0.0375
0 0.96328125 0.83671875 0.0734375 0.1265625
0 0.79921875 0.64140625 0.040625 0.05078125
0 0.8515625 0.75859375 0.146875 0.1640625
0 0.76015625 0.784375 0.0859375 0.15234375
0 0.66328125 0.7640625 0.1109375 0.14453125
0 0.0609375 0.36015625 0.025 0.0328125
0 0.1328125 0.35859375 0.028125 0.0296875
0 0.07890625 0.528125 0.1578125 0.1859375
0 0.23359375 0.56328125 0.1375 0.20703125
0 0.2515625 0.38359375 0.1078125 0.0859375
0 0.18515625 0.32109375 0.0609375 0.0375
0 0.025 0.66875 0.0484375 0.0640625
0 0.10859375 0.73125 0.13125 0.18359375
0 0.02421875 0.821875 0.0484375 0.165625
0 0.08984375 0.846875 0.08125 0.0546875
0 0.1453125 0.8921875 0.1546875 0.109375
0 0.28671875 0.96640625 0.2046875 0.0671875
0 0.28203125 0.92578125 0.0234375 0.0234375
0 0.36015625 0.7171875 0.0578125 0.071875
0 0.11640625 0.39453125 0.0296875 0.0234375
0 0.42265625 0.4328125 0.0390625 0.03515625
0 0.4703125 0.390625 0.0359375 0.0390625
0 0.53046875 0.2609375 0.0546875 0.040625
0 0.75703125 0.45390625 0.4859375 0.2046875
0 0.975 0.6578125 0.05 0.20703125
0 0.8953125 0.6046875 0.1171875 0.0953125
0 0.909375 0.675 0.084375 0.04296875
0 0.6171875 0.284375 0.034375 0.025