0 0.76328125 0.86875 0.1765625 0.14453125
0 0.80859375 0.634375 0.1359375 0.10546875
0 0.18125 0.55546875 0.140625 0.115625
0 0.46953125 0.8046875 0.471875 0.29296875
0 0.02890625 0.584375 0.0578125 0.115625
0 0.71328125 0.65 0.04375 0.05625
0 0.90390625 0.9625 0.1140625 0.07421875
0 0.146875 0.73359375 0.2375 0.22265625
0 0.76171875 0.98046875 0.1078125 0.0390625
0 0.04921875 0.92578125 0.0984375 0.1484375
0 0.97578125 0.584375 0.046875 0.040625
0 0.98203125 0.91015625 0.0359375 0.103125
0 0.4296875 0.59765625 0.1484375 0.125