0 0.2578125 0.5640625 0.103125 0.1625
0 0.35390625 0.68046875 0.1453125 0.125
0 0.10546875 0.91328125 0.1015625 0.1078125
0 0.0953125 0.503125 0.190625 0.18359375
0 0.45 0.85625 0.059375 0.0703125
0 0.5171875 0.21796875 0.0984375 0.1421875
0 0.39609375 0.1328125 0.1546875 0.12109375
0 0.4109375 0.32109375 0.128125 0.1484375
0 0.390625 0.453125 0.20625 0.10546875
0 0.30625 0.26953125 0.09375 0.12890625
0 0.190625 0.73359375 0.1203125 0.1953125
0 0.08828125 0.12578125 0.1765625 0.2125
0 0.0171875 0.715625 0.034375 0.078125
0 0.38515625 0.034375 0.1453125 0.06875
0 0.25625 0.13125 0.1546875 0.2265625
0 0.50078125 0.11640625 0.0328125 0.0375
0 0.1328125 0.321875 0.265625 0.1796875