0 0.440625 0.20234375 0.24375 0.11875
0 0.0625 0.5921875 0.125 0.209375
0 0.3078125 0.3078125 0.128125 0.0765625
0 0.90625 0.72578125 0.1046875 0.1
0 0.91484375 0.525 0.16875 0.171875
0 0.2859375 0.5921875 0.134375 0.1421875
0 0.6453125 0.61640625 0.0703125 0.0609375
0 0.65625 0.1515625 0.065625 0.05078125
0 0.23671875 0.2234375 0.1328125 0.109375
0 0.9671875 0.271875 0.065625 0.0875
0 0.88125 0.17265625 0.09375 0.0703125
0 0.946875 0.38203125 0.10625 0.0609375
0 0.05546875 0.240625 0.1109375 0.2203125
0 0.9046875 0.30078125 0.065625 0.06640625
0 0.79140625 0.19453125 0.0671875 0.0640625
0 0.95078125 0.19453125 0.0546875 0.0640625
0 0.025 0.76640625 0.05 0.0875
0 0.953125 0.896875 0.09375 0.2046875
0 0.18046875 0.1515625 0.0546875 0.0625
0 0.16953125 0.57734375 0.0796875 0.12890625
0 0.62421875 0.3765625 0.446875 0.275