0 0.24375 0.5953125 0.246875 0.134375
0 0.15703125 0.71171875 0.1390625 0.1015625
0 0.03828125 0.5953125 0.0765625 0.16015625
0 0.0515625 0.91015625 0.103125 0.171875
0 0.21875 0.33203125 0.1765625 0.078125
0 0.059375 0.4703125 0.11875 0.0859375
0 0.48203125 0.4578125 0.0671875 0.0796875
0 0.0484375 0.2046875 0.096875 0.0765625
0 0.06484375 0.759375 0.034375 0.040625
0 0.084375 0.26875 0.128125 0.06875
0 0.3625 0.1890625 0.5203125 0.21875
0 0.24140625 0.4796875 0.11875 0.05859375
0 0.08828125 0.390625 0.128125 0.07421875
0 0.24921875 0.7828125 0.1546875 0.0765625
0 0.06796875 0.02265625 0.015625 0.02734375
0 0.40859375 0.3375 0.0546875 0.03515625
0 0.3125 0.8953125 0.33125 0.14453125
0 0.4453125 0.60546875 0.1234375 0.0875
0 0.40078125 0.5171875 0.05625 0.040625
0 0.3078125 0.39140625 0.0390625 0.03515625