0 0.34296875 0.690625 0.0765625 0.17578125
0 0.35859375 0.5140625 0.0640625 0.07421875
0 0.1625 0.6421875 0.296875 0.171875
0 0.1046875 0.4625 0.209375 0.05078125
0 0.3875 0.575 0.046875 0.040625
0 0.30546875 0.115625 0.0828125 0.0609375
0 0.39609375 0.4140625 0.0546875 0.1
0 0.1140625 0.215625 0.228125 0.11875
0 0.35 0.2484375 0.253125 0.1421875
0 0.29765625 0.3890625 0.1453125 0.1171875
0 0.10703125 0.8453125 0.2140625 0.20703125
0 0.1140625 0.359375 0.228125 0.1640625
0 0.23046875 0.95234375 0.28125 0.0953125
0 0.1203125 0.53203125 0.11875 0.0546875
0 0.26328125 0.85 0.0984375 0.1015625