0 0.28984375 0.6 0.359375 0.3359375
0 0.10546875 0.11640625 0.2109375 0.2328125
0 0.46328125 0.85078125 0.109375 0.1484375
0 0.33828125 0.93828125 0.1015625 0.1234375
0 0.0390625 0.5078125 0.078125 0.11328125
0 0.053125 0.35546875 0.10625 0.1796875
0 0.33828125 0.81328125 0.075 0.10546875
0 0.10078125 0.25625 0.0578125 0.06875
0 0.0171875 0.978125 0.034375 0.0390625
0 0.20625 0.9375 0.0875 0.125
0 0.2640625 0.2375 0.0671875 0.08203125
0 0.17109375 0.309375 0.040625 0.0375
0 0.265625 0.8484375 0.0265625 0.05859375
0 0.17421875 0.80078125 0.0171875 0.025
0 0.1109375 0.953125 0.0796875 0.09375
0 0.2703125 0.7890625 0.0203125 0.01953125