0 0.34921875 0.6828125 0.1390625 0.140625
0 0.1203125 0.9203125 0.0984375 0.10546875
0 0.390625 0.45 0.2203125 0.109375
0 0.2578125 0.56640625 0.10625 0.1625
0 0.0953125 0.5078125 0.190625 0.19140625
0 0.19765625 0.6859375 0.13125 0.12109375
0 0.45 0.859375 0.0578125 0.071875
0 0.24453125 0.29765625 0.1921875 0.234375
0 0.1828125 0.790625 0.121875 0.1015625
0 0.153125 0.1 0.30625 0.165625
0 0.40234375 0.31953125 0.13125 0.1265625
0 0.07265625 0.30859375 0.1453125 0.1953125
0 0.3796875 0.0203125 0.1296875 0.0390625
0 0.01875 0.7125 0.0375 0.1
0 0.43125 0.1578125 0.21875 0.240625
0 0.43515625 0.6 0.0171875 0.021875