0 0.2390625 0.86796875 0.1359375 0.134375
0 0.134375 0.63125 0.2625 0.134375
0 0.27578125 0.078125 0.0421875 0.0390625
0 0.11640625 0.25625 0.2328125 0.19140625
0 0.36015625 0.225 0.1171875 0.12890625
0 0.42734375 0.5015625 0.0984375 0.0953125
0 0.334375 0.9546875 0.0671875 0.08984375
0 0.1375 0.13671875 0.0390625 0.0390625
0 0.046875 0.78984375 0.09375 0.1875
0 0.43515625 0.9390625 0.0828125 0.08984375
0 0.090625 0.434375 0.0984375 0.0953125
0 0.49453125 0.646875 0.1296875 0.2265625
0 0.25234375 0.0375 0.03125 0.0390625
0 0.06875 0.02265625 0.1375 0.0453125
0 0.02890625 0.134375 0.0578125 0.0703125
0 0.01015625 0.925 0.0203125 0.046875
0 0.29765625 0.6265625 0.053125 0.07421875
0 0.31796875 0.15 0.0390625 0.0234375
0 0.15234375 0.50625 0.159375 0.1015625
0 0.30546875 0.7515625 0.0890625 0.115625
0 0.359375 0.3859375 0.1328125 0.14453125
0 0.27109375 0.3125 0.0828125 0.21875
0 0.18984375 0.36875 0.08125 0.040625
0 0.1890625 0.7515625 0.134375 0.10546875
0 0.5265625 0.9234375 0.046875 0.0546875
0 0.3796875 0.7265625 0.1265625 0.240625
0 0.06015625 0.98984375 0.0515625 0.0203125