0 0.76875 0.8125 0.1796875 0.1484375
0 0.42734375 0.75625 0.540625 0.28125
0 0.80703125 0.59296875 0.15 0.1
0 0.746875 0.95 0.1234375 0.09375
0 0.065625 0.884375 0.13125 0.1640625
0 0.8859375 0.9359375 0.115625 0.12109375
0 0.178125 0.5546875 0.1515625 0.0640625
0 0.70625 0.609375 0.04375 0.053125
0 0.45234375 0.9703125 0.10625 0.05859375
0 0.03359375 0.53984375 0.0671875 0.1078125
0 0.19140625 0.4859375 0.0390625 0.0375
0 0.9734375 0.871875 0.053125 0.12890625
0 0.25078125 0.4890625 0.0359375 0.0296875
0 0.14296875 0.659375 0.1921875 0.1421875
0 0.96015625 0.5484375 0.0796875 0.0390625
0 0.4296875 0.55625 0.1359375 0.1171875