0 0.275 0.88203125 0.3296875 0.19140625
0 0.546875 0.96640625 0.196875 0.0671875
0 0.52578125 0.7265625 0.04375 0.08984375
0 0.56484375 0.8875 0.06875 0.07421875
0 0.0625 0.6 0.125 0.1953125
0 0.04453125 0.2765625 0.0890625 0.1703125
0 0.13671875 0.0546875 0.2171875 0.06875
0 0.06328125 0.15234375 0.1265625 0.0859375
0 0.2453125 0.25625 0.2671875 0.140625
0 0.1703125 0.38125 0.165625 0.10546875
0 0.334375 0.525 0.353125 0.228125
0 0.2609375 0.70390625 0.0921875 0.078125
0 0.45234375 0.30625 0.11875 0.17578125
0 0.465625 0.096875 0.209375 0.1890625
0 0.22421875 0.0109375 0.1484375 0.021875
0 0.2640625 0.12578125 0.1265625 0.07421875
0 0.3203125 0.0484375 0.075 0.05078125
0 0.3796875 0.75703125 0.053125 0.04296875
0 0.0171875 0.7796875 0.034375 0.0484375
0 0.06796875 0.9640625 0.0671875 0.071875
0 0.0671875 0.428125 0.0421875 0.05625