0 0.2984375 0.9046875 0.078125 0.103125
0 0.2390625 0.7328125 0.1296875 0.1109375
0 0.19140625 0.8625 0.1171875 0.1734375
0 0.32734375 0.04296875 0.14375 0.0859375
0 0.40703125 0.3921875 0.0625 0.06875
0 0.32578125 0.634375 0.1203125 0.1
0 0.0984375 0.275 0.103125 0.1078125
0 0.43203125 0.1890625 0.05625 0.0625
0 0.52109375 0.6953125 0.0546875 0.0859375
0 0.4109375 0.81953125 0.1171875 0.08984375
0 0.1546875 0.15 0.10625 0.078125
0 0.29765625 0.490625 0.0890625 0.109375
0 0.37421875 0.50859375 0.046875 0.1
0 0.17265625 0.0625 0.1234375 0.125
0 0.05625 0.4296875 0.1125 0.14453125
0 0.0640625 0.7453125 0.128125 0.196875
0 0.553125 0.775 0.0359375 0.040625
0 0.046875 0.9625 0.0625 0.07421875
0 0.15859375 0.99375 0.021875 0.01171875
0 0.4109375 0.44609375 0.021875 0.021875
0 0.37265625 0.7328125 0.1015625 0.0921875