0 0.59765625 0.18125 0.321875 0.240625
0 0.51875 0.5375 0.09375 0.05859375
0 0.89453125 0.5265625 0.1 0.06875
0 0.8421875 0.75 0.11875 0.08203125
0 0.5140625 0.65625 0.040625 0.046875
0 0.8625 0.31328125 0.1984375 0.13671875
0 0.5078125 0.4421875 0.075 0.05859375
0 0.56796875 0.86796875 0.046875 0.0484375
0 0.78203125 0.4296875 0.2078125 0.109375
0 0.82578125 0.834375 0.0796875 0.06875
0 0.821875 0.89140625 0.075 0.0484375
0 0.559375 0.35234375 0.2625 0.103125
0 0.92109375 0.4546875 0.053125 0.0390625
0 0.62578125 0.5140625 0.1453125 0.1109375
0 0.83125 0.95859375 0.134375 0.0828125
0 0.9671875 0.26953125 0.065625 0.11328125
0 0.6265625 0.7328125 0.1015625 0.071875
0 0.9578125 0.7671875 0.0734375 0.07421875
0 0.740625 0.3375 0.0484375 0.053125
0 0.6609375 0.98046875 0.109375 0.0390625
0 0.746875 0.6390625 0.2546875 0.109375
0 0.9828125 0.6734375 0.034375 0.053125
0 0.84375 0.209375 0.1625 0.0609375
0 0.99296875 0.1703125 0.0140625 0.021875
0 0.65078125 0.42890625 0.065625 0.0625
0 0.7421875 0.52421875 0.0796875 0.078125
0 0.57109375 0.6453125 0.046875 0.0609375