0 0.28984375 0.5328125 0.3421875 0.30625
0 0.0453125 0.4515625 0.090625 0.1234375
0 0.4703125 0.76953125 0.1078125 0.1546875
0 0.10625 0.0875 0.2125 0.175
0 0.26953125 0.2078125 0.0796875 0.0609375
0 0.11484375 0.2078125 0.0671875 0.0703125
0 0.34609375 0.72734375 0.0671875 0.0875
0 0.1078125 0.6328125 0.0328125 0.084375
0 0.20703125 0.8859375 0.08125 0.08203125
0 0.25234375 0.96171875 0.2140625 0.0765625
0 0.20859375 0.8140625 0.0359375 0.05078125
0 0.01640625 0.8125 0.0328125 0.0703125
0 0.31953125 0.81953125 0.046875 0.04296875
0 0.0234375 0.94296875 0.046875 0.1140625
0 0.11640625 0.87421875 0.078125 0.08203125
0 0.0609375 0.2984375 0.121875 0.171875
0 0.33828125 0.884375 0.09375 0.0859375
0 0.18125 0.721875 0.0171875 0.0296875
0 0.26796875 0.771875 0.0234375 0.06640625