0 0.83671875 0.74296875 0.1453125 0.12109375
0 0.4953125 0.675 0.10625 0.109375
0 0.11171875 0.82109375 0.2234375 0.19921875
0 0.7984375 0.96484375 0.1671875 0.0703125
0 0.1828125 0.94453125 0.1421875 0.0765625
0 0.14140625 0.68125 0.1609375 0.07421875
0 0.73828125 0.75390625 0.046875 0.0546875
0 0.3609375 0.6234375 0.0375 0.0234375
0 0.2234375 0.88125 0.0578125 0.06875
0 0.384375 0.71953125 0.0625 0.078125
0 0.48828125 0.89140625 0.471875 0.2171875
0 0.025 0.99140625 0.05 0.0171875
0 0.0140625 0.67578125 0.028125 0.0765625
0 0.19765625 0.60078125 0.09375 0.0375