0 0.42734375 0.196875 0.184375 0.13671875
0 0.896875 0.70703125 0.1015625 0.0953125
0 0.27890625 0.58984375 0.1265625 0.1328125
0 0.91171875 0.5140625 0.1703125 0.171875
0 0.46953125 0.3890625 0.1484375 0.078125
0 0.31328125 0.3 0.103125 0.06640625
0 0.646875 0.60234375 0.075 0.0640625
0 0.2359375 0.19921875 0.1390625 0.171875
0 0.940625 0.375 0.11875 0.0859375
0 0.6609375 0.36875 0.35625 0.26953125
0 0.65 0.1515625 0.075 0.05078125
0 0.9046875 0.2984375 0.0625 0.0546875
0 0.05859375 0.23828125 0.1171875 0.23046875
0 0.79609375 0.18828125 0.059375 0.0703125
0 0.9671875 0.27421875 0.065625 0.1
0 0.10625 0.57890625 0.2125 0.21484375
0 0.028125 0.7515625 0.05625 0.08984375
0 0.55546875 0.1734375 0.059375 0.0546875
0 0.946875 0.190625 0.0484375 0.0625
0 0.87578125 0.17109375 0.0953125 0.06875
0 0.95390625 0.8234375 0.0921875 0.08984375
0 0.97265625 0.96171875 0.0515625 0.0765625