0 0.24921875 0.61875 0.2453125 0.18125
0 0.1328125 0.80859375 0.084375 0.12109375
0 0.06484375 0.91484375 0.1296875 0.1703125
0 0.32265625 0.91328125 0.1859375 0.1015625
0 0.2828125 0.79296875 0.115625 0.0921875
0 0.53359375 0.8015625 0.20625 0.2875
0 0.40703125 0.56953125 0.05625 0.07421875
0 0.26328125 0.44140625 0.065625 0.0625
0 0.05859375 0.7796875 0.03125 0.040625
0 0.06796875 0.70234375 0.0734375 0.0609375
0 0.0640625 0.6171875 0.028125 0.0375
0 0.01328125 0.52265625 0.0265625 0.0453125
0 0.053125 0.36875 0.1046875 0.1328125
0 0.07421875 0.26953125 0.0859375 0.0796875
0 0.3265625 0.29296875 0.3359375 0.1796875
0 0.025 0.06875 0.05 0.0859375
0 0.1625 0.1125 0.159375 0.0921875
0 0.06640625 0.1765625 0.0328125 0.0328125
0 0.271875 0.1828125 0.1265625 0.04296875
0 0.15625 0.0203125 0.065625 0.040625
0 0.28515625 0.02734375 0.1640625 0.0546875
0 0.40546875 0.0171875 0.0453125 0.034375
0 0.53203125 0.478125 0.046875 0.04296875
0 0.16484375 0.9421875 0.0328125 0.046875
0 0.26171875 0.98515625 0.2328125 0.0296875
0 0.5734375 0.6234375 0.034375 0.0453125
0 0.38046875 0.4890625 0.046875 0.0375
0 0.51953125 0.42890625 0.028125 0.046875