0 0.5921875 0.84296875 0.0140625 0.01953125
0 0.390625 0.228125 0.0296875 0.0234375
0 0.0640625 0.7671875 0.125 0.134375
0 0.1609375 0.084375 0.3203125 0.1640625
0 0.05703125 0.24140625 0.1078125 0.146875
0 0.20703125 0.309375 0.1859375 0.1484375
0 0.11640625 0.46171875 0.159375 0.115625
0 0.00703125 0.36796875 0.0140625 0.0234375
0 0.29921875 0.49375 0.171875 0.1875
0 0.228125 0.6453125 0.184375 0.1328125
0 0.10078125 0.6390625 0.0796875 0.0953125
0 0.0328125 0.93359375 0.065625 0.1328125
0 0.396875 0.86328125 0.33125 0.2734375
0 0.4234375 0.42109375 0.0421875 0.08203125
0 0.4828125 0.50390625 0.0875 0.1328125
0 0.5890625 0.51640625 0.075 0.12109375
0 0.6125 0.9390625 0.04375 0.08984375
0 0.528125 0.3078125 0.1546875 0.2515625
0 0.38359375 0.1109375 0.03125 0.02734375
0 0.46953125 0.103125 0.065625 0.05859375
0 0.39296875 0.17109375 0.1015625 0.0765625
0 0.521875 0.0109375 0.0234375 0.021875