0 0.0828125 0.1671875 0.165625 0.15
0 0.1578125 0.0421875 0.175 0.084375
0 0.35390625 0.0796875 0.1734375 0.159375
0 0.23203125 0.1328125 0.0265625 0.03515625
0 0.2875 0.33984375 0.15 0.16015625
0 0.44765625 0.240625 0.15625 0.12109375
0 0.01796875 0.328125 0.0359375 0.14453125
0 0.16640625 0.46953125 0.196875 0.15234375
0 0.1328125 0.6421875 0.1640625 0.19140625
0 0.3953125 0.3703125 0.065625 0.1171875
0 0.08359375 0.8765625 0.1578125 0.24375
0 0.21640625 0.7875 0.0421875 0.053125
0 0.3296875 0.88671875 0.1484375 0.12109375
0 0.30078125 0.7015625 0.034375 0.046875
0 0.3625 0.7828125 0.0640625 0.078125
0 0.4125 0.63359375 0.021875 0.025
0 0.00625 0.021875 0.0125 0.04296875