0 0.5609375 0.11875 0.140625 0.1078125
0 0.428125 0.16015625 0.103125 0.1640625
0 0.5546875 0.5171875 0.090625 0.084375
0 0.653125 0.05078125 0.2 0.1015625
0 0.6625 0.91328125 0.0796875 0.0703125
0 0.57890625 0.94609375 0.1265625 0.1078125
0 0.33359375 0.34296875 0.2203125 0.16015625
0 0.09375 0.67890625 0.1875 0.1734375
0 0.1671875 0.4875 0.2671875 0.20703125
0 0.11484375 0.95078125 0.2296875 0.0984375
0 0.14921875 0.09453125 0.2984375 0.1890625
0 0.340625 0.15546875 0.090625 0.084375
0 0.1140625 0.2828125 0.228125 0.19140625
0 0.02421875 0.55546875 0.0484375 0.05078125
0 0.04296875 0.78984375 0.0390625 0.0375
0 0.1625 0.8328125 0.1421875 0.14453125
0 0.46328125 0.02421875 0.0921875 0.0484375
0 0.3453125 0.6390625 0.2484375 0.4296875
0 0.58125 0.67109375 0.225 0.25625
0 0.5703125 0.8515625 0.165625 0.1078125
0 0.43125 0.9703125 0.1421875 0.05859375
0 0.77421875 0.578125 0.15 0.1890625
0 0.725 0.3265625 0.3015625 0.321875