0 0.1609375 0.2765625 0.18125 0.12890625
0 0.24296875 0.5921875 0.15 0.12109375
0 0.4078125 0.4515625 0.2609375 0.18125
0 0.0640625 0.5375 0.128125 0.171875
0 0.38984375 0.8828125 0.0796875 0.08203125
0 0.446875 0.71484375 0.109375 0.2125
0 0.52890625 0.65546875 0.04375 0.09375
0 0.3328125 0.1703125 0.1765625 0.18359375
0 0.35078125 0.6703125 0.0734375 0.084375
0 0.43828125 0.2734375 0.0828125 0.08984375
0 0.03828125 0.66796875 0.0375 0.0390625
0 0.19140625 0.3765625 0.15 0.146875
0 0.04921875 0.90703125 0.0984375 0.0765625
0 0.05 0.76640625 0.075 0.1078125
0 0.08515625 0.4 0.06875 0.103125
0 0.01796875 0.35859375 0.0359375 0.19140625
0 0.16171875 0.89765625 0.0609375 0.0875
0 0.0984375 0.7171875 0.021875 0.025
0 0.0609375 0.12421875 0.121875 0.15625
0 0.21796875 0.97421875 0.0453125 0.0515625
0 0.26171875 0.0578125 0.025 0.04296875
0 0.17578125 0.06953125 0.1203125 0.12890625
0 0.384375 0.06640625 0.028125 0.040625
0 0.2140625 0.490625 0.08125 0.0859375
0 0.48515625 0.3375 0.0875 0.05078125
0 0.3046875 0.95703125 0.0546875 0.04296875
0 0.515625 0.9109375 0.1078125 0.178125
0 0.15234375 0.9625 0.071875 0.040625
0 0.2671875 0.9046875 0.021875 0.021875