0 0.29765625 0.5015625 0.3421875 0.3125
0 0.34140625 0.71171875 0.0703125 0.103125
0 0.4734375 0.7421875 0.1046875 0.15234375
0 0.0484375 0.4328125 0.096875 0.115625
0 0.06171875 0.290625 0.1234375 0.15234375
0 0.10546875 0.0703125 0.2109375 0.140625
0 0.26796875 0.1875 0.0828125 0.0640625
0 0.27734375 0.9453125 0.228125 0.103125
0 0.209375 0.853125 0.084375 0.08203125
0 0.11640625 0.18671875 0.0625 0.08203125
0 0.35390625 0.86640625 0.084375 0.09765625
0 0.22421875 0.78515625 0.0703125 0.0484375
0 0.18203125 0.2453125 0.0421875 0.046875
0 0.1203125 0.8453125 0.078125 0.06875
0 0.26640625 0.7453125 0.0390625 0.0546875
0 0.01875 0.78046875 0.0375 0.0796875
0 0.02734375 0.9234375 0.0546875 0.15234375
0 0.18359375 0.696875 0.01875 0.025
0 0.2765625 0.68671875 0.0234375 0.0296875