0 0.0875 0.596875 0.175 0.2359375
0 0.3828125 0.3984375 0.0671875 0.0546875
0 0.44921875 0.3109375 0.0796875 0.12890625
0 0.05234375 0.8046875 0.1046875 0.13671875
0 0.12890625 0.3140625 0.1328125 0.103125
0 0.0890625 0.21015625 0.1203125 0.05859375
0 0.6828125 0.3359375 0.3359375 0.3359375
0 0.78203125 0.04375 0.0390625 0.02734375
0 0.52578125 0.0765625 0.0703125 0.05078125
0 0.20546875 0.2265625 0.025 0.03125
0 0.97578125 0.8328125 0.0484375 0.084375
0 0.98125 0.9703125 0.0375 0.05859375
0 0.64921875 0.11328125 0.08125 0.0453125
0 0.7609375 0.97578125 0.1171875 0.0484375
0 0.896875 0.9546875 0.0203125 0.0234375
0 0.9296875 0.421875 0.140625 0.228125
0 0.88046875 0.1703125 0.046875 0.03515625