0 0.76171875 0.9203125 0.1578125 0.15625
0 0.61953125 0.20703125 0.4375 0.275
0 0.9234375 0.43125 0.153125 0.14453125
0 0.9015625 0.28515625 0.196875 0.1109375
0 0.89609375 0.7078125 0.2078125 0.259375
0 0.4078125 0.6625 0.046875 0.040625
0 0.49375 0.7796875 0.13125 0.1234375
0 0.58515625 0.51640625 0.4125 0.15625
0 0.8578125 0.525 0.103125 0.0765625
0 0.47734375 0.9859375 0.0421875 0.02734375
0 0.97890625 0.521875 0.0421875 0.0328125
0 0.73125 0.7640625 0.1109375 0.08203125
0 0.553125 0.384375 0.1015625 0.078125
0 0.746875 0.39453125 0.1765625 0.109375
0 0.62421875 0.634375 0.1328125 0.08203125
0 0.6390625 0.86796875 0.109375 0.109375
0 0.7515625 0.6765625 0.0890625 0.0796875
0 0.93515625 0.9015625 0.0671875 0.05625
0 0.87421875 0.98984375 0.0359375 0.0203125
0 0.64296875 0.98359375 0.0390625 0.0328125
0 0.5359375 0.9890625 0.028125 0.021875