0 0.453125 0.21484375 0.0765625 0.0796875
0 0.7515625 0.83984375 0.153125 0.12109375
0 0.8109375 0.7265625 0.1328125 0.06640625
0 0.19296875 0.215625 0.10625 0.0859375
0 0.40078125 0.26953125 0.0453125 0.040625
0 0.90390625 0.265625 0.1921875 0.24609375
0 0.13984375 0.13125 0.115625 0.046875
0 0.653125 0.2328125 0.2859375 0.26953125
0 0.52890625 0.02734375 0.0765625 0.0546875
0 0.875 0.8828125 0.0578125 0.08203125
0 0.89140625 0.571875 0.0578125 0.078125
0 0.95859375 0.53046875 0.075 0.0765625
0 0.69375 0.728125 0.096875 0.11875
0 0.10078125 0.9640625 0.1890625 0.071875
0 0.165625 0.4125 0.15625 0.1640625
0 0.88046875 0.84296875 0.0609375 0.16015625
0 0.64375 0.05546875 0.0515625 0.0296875
0 0.3078125 0.709375 0.0265625 0.03125
0 0.0375 0.1984375 0.0734375 0.09375
0 0.028125 0.42578125 0.05625 0.08203125
0 0.00859375 0.53125 0.0171875 0.0234375
0 0.1328125 0.55859375 0.084375 0.08984375
0 0.03203125 0.77421875 0.0609375 0.2109375
0 0.93671875 0.75390625 0.1265625 0.209375