0 0.0609375 0.5359375 0.121875 0.19375
0 0.1671875 0.353125 0.2828125 0.1703125
0 0.5625 0.34296875 0.09375 0.16015625
0 0.39375 0.13125 0.578125 0.26171875
0 0.44765625 0.36875 0.0984375 0.1015625
0 0.47734375 0.64453125 0.38125 0.2640625
0 0.15546875 0.74375 0.1296875 0.1328125
0 0.1640625 0.921875 0.18125 0.15625
0 0.03203125 0.69140625 0.0640625 0.1328125
0 0.64609375 0.33125 0.04375 0.0609375
0 0.05 0.10625 0.1 0.2125
0 0.2375 0.8109375 0.09375 0.1328125
0 0.74609375 0.09296875 0.1328125 0.1859375
0 0.0046875 0.30625 0.009375 0.053125
0 0.00703125 0.90625 0.0140625 0.0484375
0 0.30390625 0.8734375 0.0375 0.046875