0 0.30234375 0.490625 0.340625 0.30078125
0 0.46796875 0.72734375 0.103125 0.1578125
0 0.0625 0.27734375 0.125 0.14453125
0 0.04609375 0.425 0.0921875 0.103125
0 0.26796875 0.17890625 0.071875 0.0640625
0 0.11953125 0.1765625 0.06875 0.07421875
0 0.2703125 0.93125 0.25 0.13671875
0 0.34765625 0.8375 0.06875 0.0875
0 0.215625 0.84765625 0.084375 0.0796875
0 0.228125 0.771875 0.071875 0.053125
0 0.3375 0.69375 0.0625 0.09765625
0 0.1234375 0.81875 0.084375 0.07421875
0 0.18515625 0.225 0.0484375 0.0640625
0 0.02109375 0.7625 0.0421875 0.0953125
0 0.109375 0.06953125 0.21875 0.13671875
0 0.03203125 0.9109375 0.0640625 0.1734375
0 0.2703125 0.71796875 0.01875 0.03125
0 0.18359375 0.68125 0.0171875 0.02734375