0 0.44921875 0.290625 0.08125 0.11328125
0 0.14609375 0.3 0.1375 0.103125
0 0.3859375 0.36875 0.0640625 0.053125
0 0.0703125 0.7609375 0.1140625 0.1328125
0 0.10078125 0.19375 0.1234375 0.0625
0 0.0921875 0.55625 0.184375 0.23046875
0 0.7578125 0.95625 0.11875 0.08203125
0 0.7515625 0.32109375 0.484375 0.334375
0 0.87734375 0.97578125 0.1390625 0.0484375
0 0.97421875 0.9375 0.0484375 0.125
0 0.77734375 0.0375 0.0359375 0.03125
0 0.53203125 0.04609375 0.0828125 0.0921875
0 0.653125 0.10625 0.084375 0.0390625
0 0.2140625 0.2125 0.0203125 0.0234375
0 0.96796875 0.7828125 0.0640625 0.0921875
0 0.00859375 0.2640625 0.0171875 0.040625
0 0.9828125 0.496875 0.034375 0.0375