0 0.45390625 0.80859375 0.2328125 0.125
0 0.6203125 0.9 0.10625 0.1171875
0 0.615625 0.184375 0.4296875 0.271875
0 0.815625 0.4671875 0.134375 0.09765625
0 0.77109375 0.93828125 0.1203125 0.0953125
0 0.3765625 0.9703125 0.0609375 0.053125
0 0.9234375 0.9234375 0.05 0.08203125
0 0.8203125 0.6359375 0.0765625 0.05625
0 0.78125 0.81640625 0.034375 0.0296875
0 0.5796875 0.43671875 0.2296875 0.2328125
0 0.7625 0.35 0.1421875 0.1328125
0 0.50390625 0.67109375 0.275 0.15625
0 0.97578125 0.9296875 0.0453125 0.140625
0 0.83671875 0.7640625 0.0796875 0.06640625
0 0.946875 0.7125 0.10625 0.12109375
0 0.70234375 0.65234375 0.140625 0.23828125
0 0.91484375 0.3609375 0.1703125 0.1625
0 0.9171875 0.55625 0.165625 0.1109375
0 0.73125 0.86328125 0.04375 0.03515625
0 0.8765625 0.9796875 0.1109375 0.0390625
0 0.87109375 0.209375 0.0515625 0.040625