0 0.14765625 0.5578125 0.2796875 0.2109375
0 0.73203125 0.10234375 0.25625 0.203125
0 0.5734375 0.5875 0.103125 0.146875
0 0.040625 0.7765625 0.08125 0.21484375
0 0.37890625 0.06640625 0.2109375 0.1328125
0 0.47890625 0.8921875 0.421875 0.21484375
0 0.77890625 0.278125 0.09375 0.1484375
0 0.1984375 0.159375 0.1515625 0.125
0 0.0484375 0.11015625 0.096875 0.1421875
0 0.43671875 0.58515625 0.109375 0.13125
0 0.02421875 0.94140625 0.0484375 0.1171875
0 0.5625 0.44140625 0.128125 0.13671875
0 0.18359375 0.0265625 0.196875 0.053125
0 0.42578125 0.29609375 0.5546875 0.3265625
0 0.68046875 0.584375 0.1046875 0.165625
0 0.17890625 0.453125 0.0734375 0.0859375
0 0.06328125 0.26640625 0.1265625 0.1734375
0 0.1546875 0.97578125 0.1359375 0.0484375
0 0.5578125 0.7015625 0.04375 0.02734375