0 0.6046875 0.17578125 0.3203125 0.24375
0 0.55859375 0.35546875 0.271875 0.1171875
0 0.90625 0.55625 0.125 0.05625
0 0.5203125 0.56640625 0.1015625 0.078125
0 0.56953125 0.928125 0.0375 0.0546875
0 0.6171875 0.73359375 0.134375 0.171875
0 0.8625 0.3203125 0.196875 0.134375
0 0.753125 0.66484375 0.2703125 0.13671875
0 0.63671875 0.546875 0.1484375 0.1015625
0 0.51171875 0.6921875 0.0328125 0.0296875
0 0.50703125 0.4609375 0.084375 0.06640625
0 0.853125 0.21484375 0.1625 0.07421875
0 0.86171875 0.7890625 0.1140625 0.0921875
0 0.9375 0.4703125 0.059375 0.04296875
0 0.77578125 0.51953125 0.046875 0.0375
0 0.7453125 0.34765625 0.04375 0.046875
0 0.75 0.56640625 0.1 0.05625
0 0.8 0.44375 0.215625 0.1171875
0 0.96796875 0.26171875 0.0640625 0.0859375
0 0.8359375 0.92265625 0.0890625 0.1546875
0 0.65390625 0.45390625 0.065625 0.078125
0 0.9703125 0.815625 0.059375 0.0875