0 0.240625 0.678125 0.15 0.12890625
0 0.44921875 0.8109375 0.1125 0.22265625
0 0.4515625 0.3546875 0.0640625 0.1
0 0.53125 0.74375 0.053125 0.1078125
0 0.4078125 0.51171875 0.2671875 0.23046875
0 0.05078125 0.84765625 0.0875 0.11328125
0 0.32265625 0.2046875 0.1984375 0.22265625
0 0.39453125 0.9703125 0.1046875 0.05859375
0 0.3453125 0.7671875 0.071875 0.0859375
0 0.04765625 0.0328125 0.06875 0.046875
0 0.03046875 0.753125 0.0296875 0.040625
0 0.05390625 0.584375 0.1078125 0.09765625
0 0.01171875 0.3828125 0.0234375 0.1109375
0 0.1859375 0.3453125 0.125 0.09375
0 0.1078125 0.30078125 0.084375 0.0859375
0 0.07734375 0.475 0.0734375 0.1078125
0 0.184375 0.45390625 0.15 0.1484375
0 0.0390625 0.665625 0.078125 0.08203125
0 0.065625 0.1796875 0.13125 0.16015625
0 0.00859375 0.9875 0.0171875 0.025
0 0.18125 0.5734375 0.1359375 0.08984375
0 0.3921875 0.6390625 0.0328125 0.040625
0 0.17890625 0.228125 0.021875 0.02734375
0 0.39609375 0.3296875 0.04375 0.0390625
0 0.18359375 0.103125 0.10625 0.18359375
0 0.0484375 0.93359375 0.0234375 0.03125
0 0.54765625 0.959375 0.04375 0.046875