0 0.24609375 0.73359375 0.1375 0.0859375
0 0.2359375 0.421875 0.2578125 0.125
0 0.459375 0.61640625 0.1890625 0.1171875
0 0.4328125 0.48515625 0.1390625 0.084375
0 0.55703125 0.44609375 0.1140625 0.078125
0 0.2703125 0.85234375 0.284375 0.15
0 0.47890625 0.728125 0.06875 0.06640625
0 0.46328125 0.9109375 0.0734375 0.146875
0 0.04140625 0.85078125 0.0828125 0.1484375
0 0.15390625 0.9609375 0.1609375 0.078125
0 0.059375 0.7328125 0.11875 0.10546875
0 0.55859375 0.5390625 0.053125 0.0390625
0 0.046875 0.4609375 0.09375 0.05859375
0 0.21796875 0.5796875 0.315625 0.1953125
0 0.35625 0.709375 0.05625 0.05078125
0 0.509375 0.79296875 0.04375 0.05078125
0 0.03046875 0.6015625 0.0609375 0.115625
0 0.39765625 0.41328125 0.0671875 0.0546875
0 0.4203125 0.328125 0.1203125 0.06640625