0 0.06640625 0.7609375 0.1328125 0.296875
0 0.025 0.97421875 0.05 0.0515625
0 0.0984375 0.4 0.15 0.1265625
0 0.0609375 0.2671875 0.1203125 0.084375
0 0.171875 0.2921875 0.0265625 0.0328125
0 0.36875 0.50703125 0.0703125 0.0703125
0 0.4375 0.4046875 0.1015625 0.15234375
0 0.5484375 0.103125 0.1171875 0.09375
0 0.71328125 0.43671875 0.3890625 0.4125
0 0.66171875 0.15546875 0.0859375 0.0625
0 0.80625 0.071875 0.04375 0.0296875
0 0.6078125 0.021875 0.0421875 0.0296875
0 0.90234375 0.24296875 0.0796875 0.06640625
0 0.953125 0.496875 0.09375 0.31875