0 0.45703125 0.22578125 0.059375 0.07421875
0 0.83125 0.8 0.1328125 0.071875
0 0.74921875 0.26484375 0.490625 0.30625
0 0.14375 0.45234375 0.15625 0.17578125
0 0.1171875 0.6109375 0.1 0.115625
0 0.71015625 0.796875 0.1140625 0.13671875
0 0.3984375 0.2953125 0.05625 0.046875
0 0.1234375 0.1484375 0.1265625 0.05859375
0 0.175 0.234375 0.1125 0.08984375
0 0.53046875 0.03203125 0.0734375 0.0640625
0 0.9109375 0.62421875 0.0625 0.0875
0 0.94453125 0.8109375 0.109375 0.203125
0 0.89609375 0.88125 0.06875 0.08203125
0 0.64375 0.06953125 0.04375 0.03125
0 0.9734375 0.5703125 0.053125 0.0796875
0 0.77109375 0.9171875 0.1921875 0.13671875
0 0.02890625 0.21875 0.0578125 0.09375
0 0.7640625 0.01171875 0.0296875 0.0234375
0 0.02265625 0.75703125 0.0453125 0.04296875
0 0.01796875 0.88359375 0.0359375 0.071875
0 0.0171875 0.46171875 0.0328125 0.05625
0 0.30859375 0.790625 0.05 0.0609375
0 0.89765625 0.9578125 0.0515625 0.084375