0 0.44140625 0.2390625 0.2203125 0.165625
0 0.6109375 0.26484375 0.1046875 0.078125
0 0.9390625 0.86328125 0.11875 0.1234375
0 0.3046875 0.3640625 0.1109375 0.08203125
0 0.47890625 0.459375 0.1890625 0.0859375
0 0.915625 0.62890625 0.165625 0.1796875
0 0.89921875 0.2125 0.096875 0.0765625
0 0.65703125 0.7359375 0.075 0.0609375
0 0.63671875 0.1890625 0.13125 0.05078125
0 0.64296875 0.46875 0.1375 0.125
0 0.58671875 0.36875 0.1734375 0.1390625
0 0.73828125 0.346875 0.128125 0.15234375
0 0.0484375 0.28515625 0.096875 0.26171875
0 0.9828125 0.446875 0.034375 0.0765625
0 0.2109375 0.2359375 0.134375 0.171875
0 0.81640625 0.2421875 0.0703125 0.07421875
0 0.04375 0.725 0.0875 0.1859375
0 0.75859375 0.16875 0.046875 0.025
0 0.7875 0.52734375 0.178125 0.1390625
0 0.209375 0.69140625 0.2265625 0.1859375
0 0.00390625 0.8828125 0.0078125 0.05859375
0 0.96484375 0.9890625 0.0546875 0.021875
0 0.953125 0.3046875 0.09375 0.17578125