0 0.53203125 0.30390625 0.175 0.12109375
0 0.634375 0.678125 0.1125 0.09375
0 0.5921875 0.13125 0.296875 0.2171875
0 0.884375 0.78046875 0.0640625 0.0953125
0 0.8453125 0.71484375 0.0484375 0.04296875
0 0.59921875 0.4578125 0.228125 0.15625
0 0.65625 0.8796875 0.1953125 0.125
0 0.8890625 0.621875 0.0828125 0.05625
0 0.909375 0.91484375 0.18125 0.1703125
0 0.76484375 0.7796875 0.125 0.115625
0 0.55078125 0.5875 0.034375 0.0375
0 0.80546875 0.3984375 0.084375 0.046875
0 0.86875 0.21015625 0.2625 0.1421875
0 0.75078125 0.31953125 0.2578125 0.1234375
0 0.8515625 0.5 0.2484375 0.15625
0 0.75390625 0.6109375 0.084375 0.11328125
0 0.5453125 0.92890625 0.0515625 0.09375
0 0.7078125 0.9890625 0.0484375 0.021875
0 0.97734375 0.8046875 0.0453125 0.078125
0 0.98359375 0.6328125 0.0328125 0.0765625