0 0.26953125 0.9046875 0.08125 0.0875
0 0.0234375 0.89765625 0.04375 0.19140625
0 0.13671875 0.8625 0.190625 0.25
0 0.2671875 0.82890625 0.084375 0.0625
0 0.04296875 0.2890625 0.084375 0.071875
0 0.01875 0.403125 0.0359375 0.0484375
0 0.15 0.21796875 0.0671875 0.06875
0 0.17734375 0.3421875 0.1125 0.13125
0 0.2421875 0.2609375 0.1046875 0.10546875
0 0.27578125 0.44140625 0.1578125 0.09375
0 0.42109375 0.2953125 0.215625 0.209375
0 0.56171875 0.2625 0.0640625 0.0703125
0 0.6609375 0.23125 0.134375 0.0546875
0 0.4765625 0.56171875 0.2 0.103125
0 0.59765625 0.46796875 0.2125 0.171875
0 0.6328125 0.328125 0.109375 0.06875
0 0.68203125 0.578125 0.171875 0.15625
0 0.77734375 0.421875 0.146875 0.2015625
0 0.8484375 0.2828125 0.08125 0.08203125
0 0.828125 0.653125 0.1984375 0.165625
0 0.94765625 0.7734375 0.1046875 0.1953125
0 0.98828125 0.65 0.0234375 0.0453125
0 0.9859375 0.54609375 0.028125 0.0625
0 0.97265625 0.44375 0.0546875 0.0765625
0 0.9421875 0.259375 0.096875 0.084375
0 0.87109375 0.34296875 0.03125 0.06875
0 0.9140625 0.31328125 0.0265625 0.0328125
0 0.9140625 0.3953125 0.03125 0.0328125
0 0.7921875 0.20703125 0.0328125 0.025