0 0.38359375 0.68828125 0.075 0.1546875
0 0.434375 0.571875 0.040625 0.0375
0 0.1859375 0.5 0.178125 0.1421875
0 0.29296875 0.8234375 0.0984375 0.0640625
0 0.0796875 0.77265625 0.140625 0.0921875
0 0.4046875 0.5140625 0.0609375 0.071875
0 0.2 0.653125 0.296875 0.140625
0 0.14140625 0.3890625 0.1921875 0.0875
0 0.26875 0.95 0.278125 0.1
0 0.45 0.44140625 0.0765625 0.07421875
0 0.021875 0.946875 0.04375 0.0953125
0 0.02109375 0.56953125 0.0421875 0.1328125
0 0.3109375 0.5796875 0.0859375 0.05078125
0 0.47109375 0.23359375 0.103125 0.06640625
0 0.21015625 0.2421875 0.4203125 0.2125
0 0.36953125 0.09375 0.0484375 0.0328125
0 0.471875 0.32421875 0.053125 0.040625
0 0.03515625 0.44921875 0.0703125 0.0765625
0 0.33984375 0.396875 0.153125 0.1
0 0.16484375 0.86328125 0.16875 0.140625