0 0.06484375 0.2359375 0.1296875 0.23828125
0 0.23984375 0.196875 0.15 0.1734375
0 0.1109375 0.6 0.221875 0.3375
0 0.29765625 0.5703125 0.1546875 0.15234375
0 0.8953125 0.68046875 0.11875 0.1078125
0 0.95078125 0.87265625 0.0984375 0.2546875
0 0.64921875 0.58515625 0.0671875 0.071875
0 0.315625 0.2953125 0.1125 0.078125
0 0.43046875 0.19375 0.190625 0.14453125
0 0.46875 0.3765625 0.1328125 0.0765625
0 0.66953125 0.359375 0.34375 0.25
0 0.65234375 0.146875 0.0640625 0.0609375
0 0.78671875 0.1890625 0.065625 0.0609375
0 0.9109375 0.50625 0.178125 0.16796875
0 0.93671875 0.3734375 0.1265625 0.0921875
0 0.90390625 0.2953125 0.0625 0.05859375
0 0.9671875 0.26484375 0.065625 0.1015625
0 0.87734375 0.1671875 0.0875 0.06875
0 0.98984375 0.1859375 0.0203125 0.0328125
0 0.94375 0.1921875 0.046875 0.06875
0 0.59140625 0.1984375 0.1171875 0.08203125
0 0.7390625 0.1390625 0.0296875 0.021875