0 0.2375 0.6859375 0.209375 0.146875
0 0.4546875 0.434375 0.3296875 0.21875
0 0.6765625 0.4890625 0.1296875 0.09375
0 0.73359375 0.8984375 0.2625 0.203125
0 0.83828125 0.64140625 0.19375 0.28125
0 0.9453125 0.96640625 0.109375 0.0671875
0 0.6921875 0.353125 0.1421875 0.0703125
0 0.4796875 0.865625 0.234375 0.18359375
0 0.13359375 0.53828125 0.1515625 0.1234375
0 0.22578125 0.33515625 0.1125 0.05078125
0 0.9375 0.446875 0.125 0.2171875
0 0.628125 0.7078125 0.2265625 0.1734375
0 0.44140625 0.58125 0.071875 0.05625
0 0.84921875 0.3296875 0.0671875 0.03125
0 0.46875 0.30546875 0.075 0.03125
0 0.1046875 0.328125 0.075 0.0765625
0 0.190625 0.41328125 0.1 0.06875
0 0.2609375 0.28828125 0.065625 0.0234375
0 0.67109375 0.5796875 0.1484375 0.08203125