0 0.3984375 0.15 0.2390625 0.1265625
0 0.10625 0.8171875 0.2125 0.228125
0 0.425 0.76953125 0.2609375 0.2671875
0 0.2515625 0.2671875 0.1375 0.1171875
0 0.34765625 0.3296875 0.0671875 0.07421875
0 0.5078125 0.61328125 0.0421875 0.06640625
0 0.50234375 0.315625 0.05625 0.08203125
0 0.075 0.2515625 0.15 0.11328125
0 0.021875 0.53046875 0.04375 0.1484375
0 0.17890625 0.040625 0.1484375 0.08125
0 0.42734375 0.35859375 0.0921875 0.15234375
0 0.03046875 0.1453125 0.0609375 0.0953125
0 0.41015625 0.94375 0.1703125 0.109375
0 0.42734375 0.5453125 0.0296875 0.02734375
0 0.2140625 0.1421875 0.1265625 0.13125
0 0.046875 0.0765625 0.0671875 0.0703125
0 0.2765625 0.521875 0.034375 0.0375
0 0.11640625 0.13984375 0.059375 0.0875
0 0.378125 0.509375 0.028125 0.03125
0 0.07421875 0.3453125 0.03125 0.03125
0 0.221875 0.57421875 0.0359375 0.046875
0 0.421875 0.0265625 0.08125 0.053125
0 0.4640625 0.06875 0.071875 0.040625
0 0.0875 0.44609375 0.075 0.08984375
0 0.171875 0.53984375 0.053125 0.11875
0 0.2828125 0.609375 0.0390625 0.12109375
0 0.0984375 0.965625 0.0578125 0.0390625
0 0.246875 0.95078125 0.13125 0.0984375
0 0.54609375 0.99296875 0.0265625 0.0140625
0 0.01171875 0.3359375 0.0234375 0.0546875
0 0.384375 0.2359375 0.0234375 0.0390625