0 0.42734375 0.271875 0.203125 0.171875
0 0.15078125 0.7796875 0.178125 0.209375
0 0.478125 0.5 0.1921875 0.0921875
0 0.8078125 0.5953125 0.175 0.140625
0 0.6640625 0.521875 0.1734375 0.1390625
0 0.290625 0.40234375 0.1265625 0.08984375
0 0.58984375 0.40703125 0.19375 0.1546875
0 0.93515625 0.67890625 0.1296875 0.2125
0 0.75234375 0.3765625 0.128125 0.16796875
0 0.28125 0.8109375 0.0796875 0.08203125
0 0.62421875 0.28828125 0.0984375 0.0609375
0 0.675 0.83203125 0.0828125 0.0703125
0 0.96171875 0.953125 0.0765625 0.09375
0 0.234375 0.253125 0.075 0.07421875
0 0.19140625 0.321875 0.09375 0.084375
0 0.15546875 0.1921875 0.05625 0.05078125
0 0.6484375 0.21015625 0.140625 0.053125
0 0.55859375 0.24375 0.0546875 0.0625
0 0.03125 0.8109375 0.0625 0.1890625
0 0.9359375 0.23359375 0.128125 0.0765625
0 0.84375 0.290625 0.065625 0.0921875
0 0.2765625 0.7453125 0.08125 0.053125
0 0.97265625 0.49921875 0.0546875 0.0640625
0 0.02890625 0.36875 0.0578125 0.0546875
0 0.94921875 0.39921875 0.0671875 0.06640625
0 0.0421875 0.2671875 0.084375 0.0859375