0 0.3359375 0.93125 0.1015625 0.13125
0 0.6390625 0.1203125 0.234375 0.16796875
0 0.178125 0.60625 0.21875 0.12109375
0 0.490625 0.7609375 0.23125 0.15234375
0 0.67578125 0.50078125 0.096875 0.07421875
0 0.85859375 0.4703125 0.1375 0.15
0 0.82265625 0.1640625 0.14375 0.1390625
0 0.2828125 0.7125 0.1890625 0.1421875
0 0.47109375 0.0953125 0.046875 0.0484375
0 0.21953125 0.9296875 0.1265625 0.12109375
0 0.30703125 0.83515625 0.10625 0.103125
0 0.08046875 0.896875 0.09375 0.0953125
0 0.78203125 0.515625 0.053125 0.09765625
0 0.965625 0.5609375 0.06875 0.1328125
0 0.6375 0.440625 0.046875 0.07421875
0 0.0734375 0.2578125 0.146875 0.1625
0 0.94609375 0.146875 0.1078125 0.15625
0 0.73125 0.44375 0.1140625 0.0546875
0 0.425 0.1421875 0.0328125 0.0296875
0 0.209375 0.70625 0.0625 0.08203125
0 0.115625 0.44921875 0.1375 0.2015625
0 0.80390625 0.34765625 0.0421875 0.05859375
0 0.02734375 0.5921875 0.0546875 0.0640625
0 0.353125 0.4203125 0.03125 0.0390625
0 0.015625 0.96953125 0.03125 0.0609375
0 0.01953125 0.5203125 0.0390625 0.0625
0 0.746875 0.97421875 0.075 0.0515625
0 0.05703125 0.0875 0.0140625 0.02734375
0 0.12734375 0.0765625 0.0296875 0.025
0 0.115625 0.1109375 0.0265625 0.0234375
0 0.17890625 0.040625 0.06875 0.0328125
0 0.24765625 0.10078125 0.0765625 0.0546875
0 0.23046875 0.2671875 0.11875 0.18125
0 0.02265625 0.425 0.0421875 0.115625
0 0.46484375 0.8734375 0.1125 0.08203125
0 0.9296875 0.346875 0.140625 0.23828125