0 0.4515625 0.525 0.38125 0.2171875
0 0.74609375 0.41328125 0.1265625 0.0859375
0 0.6984375 0.578125 0.1453125 0.115625
0 0.2203125 0.80625 0.2109375 0.1734375
0 0.7125 0.91328125 0.09375 0.0859375
0 0.7578125 0.83125 0.115625 0.09375
0 0.653125 0.4234375 0.0359375 0.0453125
0 0.44296875 0.68125 0.08125 0.06640625
0 0.88359375 0.8140625 0.1609375 0.21484375
0 0.8984375 0.61328125 0.1015625 0.1015625
0 0.8796875 0.384375 0.0625 0.0328125
0 0.39140625 0.4015625 0.053125 0.0546875
0 0.55 0.7640625 0.0890625 0.08203125
0 0.95078125 0.5328125 0.0984375 0.115625
0 0.6140625 0.85859375 0.178125 0.146875
0 0.72109375 0.96875 0.1640625 0.0625
0 0.1125 0.6234375 0.15625 0.13125
0 0.98515625 0.396875 0.0296875 0.025
0 0.4546875 0.97734375 0.175 0.0453125
0 0.203125 0.43359375 0.1296875 0.125
0 0.08515625 0.39140625 0.06875 0.05625
0 0.7421875 0.69375 0.2265625 0.1484375