0 0.425 0.89921875 0.1203125 0.1421875
0 0.82265625 0.534375 0.1078125 0.1484375
0 0.6140625 0.715625 0.1015625 0.1078125
0 0.6171875 0.0765625 0.1296875 0.103125
0 0.58515625 0.85546875 0.115625 0.178125
0 0.13828125 0.87890625 0.2765625 0.2421875
0 0.67421875 0.0359375 0.121875 0.0703125
0 0.6046875 0.9671875 0.0421875 0.0328125
0 0.76484375 0.28203125 0.2640625 0.3125
0 0.8734375 0.0296875 0.0203125 0.025
0 0.68515625 0.8203125 0.0671875 0.053125
0 0.47109375 0.553125 0.4984375 0.3109375
0 0.14140625 0.053125 0.2828125 0.10546875
0 0.39765625 0.09453125 0.2734375 0.16015625
0 0.15234375 0.178125 0.2171875 0.1546875
0 0.37109375 0.2890625 0.2484375 0.22265625
0 0.03359375 0.31875 0.0671875 0.165625
0 0.18203125 0.4046875 0.2234375 0.1875
0 0.1109375 0.54296875 0.221875 0.19375
0 0.18515625 0.69921875 0.121875 0.11875
0 0.53984375 0.7375 0.0515625 0.0640625
0 0.69296875 0.94140625 0.128125 0.1171875
0 0.73828125 0.4625 0.0203125 0.0296875