0 0.55078125 0.17890625 0.128125 0.08203125
0 0.69609375 0.23046875 0.121875 0.06640625
0 0.046875 0.56171875 0.09375 0.13125
0 0.63671875 0.3859375 0.15625 0.0640625
0 0.3421875 0.7421875 0.0796875 0.0765625
0 0.9625 0.3453125 0.075 0.09375
0 0.6078125 0.05625 0.059375 0.03125
0 0.8453125 0.125 0.0578125 0.0375
0 0.11484375 0.4203125 0.025 0.02734375
0 0.02265625 0.953125 0.0453125 0.09375
0 0.02421875 0.3984375 0.0484375 0.05625
0 0.42578125 0.58203125 0.1078125 0.19140625
0 0.76953125 0.6625 0.4609375 0.46484375