0 0.43359375 0.20234375 0.184375 0.146875
0 0.2921875 0.5765625 0.1203125 0.12109375
0 0.31953125 0.303125 0.115625 0.08203125
0 0.89609375 0.68828125 0.1046875 0.1
0 0.9046875 0.5140625 0.1859375 0.1578125
0 0.940625 0.36875 0.11875 0.0921875
0 0.25234375 0.20703125 0.1375 0.16796875
0 0.46875 0.384375 0.140625 0.078125
0 0.64140625 0.596875 0.0578125 0.053125
0 0.66796875 0.371875 0.3375 0.25390625
0 0.94921875 0.87421875 0.1015625 0.2484375
0 0.6515625 0.1546875 0.075 0.0484375
0 0.06328125 0.2421875 0.1265625 0.25
0 0.78828125 0.1921875 0.0625 0.0625
0 0.9421875 0.1890625 0.0421875 0.0609375
0 0.5875 0.20234375 0.1234375 0.09765625
0 0.96640625 0.27421875 0.0671875 0.0953125
0 0.10859375 0.575 0.2171875 0.19921875
0 0.89921875 0.30078125 0.0609375 0.0546875
0 0.8734375 0.178125 0.0875 0.05859375
0 0.9859375 0.18125 0.028125 0.0546875
0 0.18828125 0.153125 0.0328125 0.05859375
0 0.0328125 0.7390625 0.065625 0.078125