0 0.334375 0.93046875 0.096875 0.1328125
0 0.671875 0.5015625 0.09375 0.07421875
0 0.46796875 0.09375 0.0453125 0.0453125
0 0.8578125 0.4671875 0.14375 0.15234375
0 0.30703125 0.83671875 0.1 0.0953125
0 0.54296875 0.7765625 0.1359375 0.12890625
0 0.63671875 0.121875 0.234375 0.1734375
0 0.08203125 0.88984375 0.0921875 0.0875
0 0.7796875 0.51484375 0.0546875 0.09765625
0 0.6359375 0.4421875 0.0484375 0.06875
0 0.1578125 0.0640625 0.2578125 0.1234375
0 0.29765625 0.7171875 0.1328125 0.1390625
0 0.82265625 0.159375 0.15 0.146875
0 0.959375 0.5546875 0.071875 0.1328125
0 0.178125 0.59765625 0.215625 0.1265625
0 0.73203125 0.440625 0.1015625 0.0484375
0 0.21796875 0.928125 0.125 0.12109375
0 0.42421875 0.1359375 0.0328125 0.03125
0 0.11328125 0.4984375 0.1296875 0.0859375
0 0.80625 0.3484375 0.05 0.05625
0 0.21328125 0.69609375 0.0703125 0.08984375
0 0.06171875 0.790625 0.06875 0.084375
0 0.43203125 0.7390625 0.103125 0.09375
0 0.9453125 0.14140625 0.1 0.146875
0 0.3578125 0.421875 0.046875 0.040625
0 0.12421875 0.4171875 0.090625 0.0875
0 0.9375 0.3734375 0.11875 0.196875
0 0.01875 0.51875 0.0375 0.05625
0 0.96640625 0.253125 0.0671875 0.0875
0 0.0734375 0.259375 0.146875 0.165625
0 0.01640625 0.96875 0.0328125 0.0625
0 0.2265625 0.26640625 0.121875 0.1796875
0 0.0421875 0.39765625 0.084375 0.0875
0 0.034375 0.58203125 0.06875 0.0703125
0 0.4609375 0.85859375 0.103125 0.0859375
0 0.77890625 0.96640625 0.1578125 0.0671875