0 0.89296875 0.5375 0.1328125 0.1078125
0 0.9796875 0.4984375 0.040625 0.053125
0 0.9078125 0.7390625 0.10625 0.103125
0 0.9546875 0.90625 0.090625 0.1875
0 0.06484375 0.2546875 0.1296875 0.2515625
0 0.22578125 0.2046875 0.1375 0.171875
0 0.3125 0.31953125 0.1328125 0.12109375
0 0.4359375 0.21171875 0.2265625 0.146875
0 0.87890625 0.2421875 0.2421875 0.209375
0 0.66015625 0.1546875 0.0546875 0.04296875
0 0.5859375 0.16484375 0.0359375 0.03125
0 0.621875 0.3765625 0.44375 0.3046875
0 0.0546875 0.65234375 0.109375 0.3765625
0 0.23359375 0.59375 0.2375 0.15234375
0 0.64375 0.634375 0.0703125 0.0640625
0 0.59609375 0.21171875 0.071875 0.0328125
0 0.7453125 0.1421875 0.0453125 0.03125
0 0.93828125 0.415625 0.1234375 0.1390625
0 0.94921875 0.6078125 0.0671875 0.0484375