0 0.3296875 0.8671875 0.259375 0.265625
0 0.13203125 0.5734375 0.090625 0.1265625
0 0.3546875 0.071875 0.265625 0.14375
0 0.32890625 0.6625 0.1515625 0.115625
0 0.51640625 0.19140625 0.0265625 0.046875
0 0.2796875 0.375 0.33125 0.178125
0 0.046875 0.13984375 0.09375 0.11875
0 0.06640625 0.6765625 0.1328125 0.1421875
0 0.26328125 0.20625 0.0671875 0.0546875
0 0.07734375 0.4859375 0.0375 0.03515625
0 0.51640625 0.58125 0.23125 0.3046875
0 0.5671875 0.9234375 0.2140625 0.15234375
0 0.09609375 0.87578125 0.1921875 0.2484375
0 0.38125 0.2484375 0.028125 0.0328125
0 0.0609375 0.55625 0.0375 0.0375
0 0.06640625 0.04296875 0.084375 0.0640625
0 0.53125 0.24296875 0.0390625 0.0375
0 0.17421875 0.753125 0.0609375 0.134375
0 0.01015625 0.30078125 0.0203125 0.0453125
0 0.6078125 0.78515625 0.05 0.078125
0 0.25859375 0.57109375 0.1109375 0.1078125
0 0.16640625 0.0140625 0.0484375 0.02734375