0 0.62578125 0.62890625 0.1046875 0.08984375
0 0.590625 0.13125 0.2859375 0.2015625
0 0.6546875 0.803125 0.1625 0.10546875
0 0.5703125 0.9453125 0.1421875 0.1
0 0.8234375 0.6578125 0.040625 0.04296875
0 0.73046875 0.4546875 0.446875 0.1796875
0 0.69921875 0.91484375 0.0734375 0.0484375
0 0.75078125 0.653125 0.1265625 0.234375
0 0.90234375 0.9546875 0.1953125 0.08984375
0 0.90546875 0.82734375 0.1890625 0.1734375
0 0.971875 0.7 0.05625 0.1078125
0 0.85703125 0.5796875 0.075 0.05078125
0 0.6703125 0.97734375 0.034375 0.0453125
0 0.53203125 0.840625 0.0546875 0.08203125
0 0.86640625 0.2 0.2671875 0.1390625
0 0.5234375 0.2828125 0.1625 0.1109375
0 0.728125 0.3109375 0.2578125 0.1109375
0 0.990625 0.33515625 0.01875 0.0640625
0 0.97265625 0.59375 0.0546875 0.071875
0 0.85 0.7203125 0.0375 0.06875
0 0.7421875 0.9765625 0.09375 0.046875