0 0.23671875 0.775 0.15 0.125
0 0.103125 0.36640625 0.09375 0.1
0 0.04375 0.94375 0.0875 0.109375
0 0.0515625 0.7046875 0.103125 0.1890625
0 0.4015625 0.6125 0.2828125 0.2171875
0 0.45390625 0.44375 0.0671875 0.1265625
0 0.14921875 0.084375 0.0328125 0.0375
0 0.44765625 0.9390625 0.1125 0.12109375
0 0.01953125 0.8390625 0.0390625 0.046875
0 0.3390625 0.8625 0.078125 0.0875
0 0.05859375 0.553125 0.0796875 0.115625
0 0.3546875 0.3390625 0.1296875 0.19375
0 0.28203125 0.27265625 0.09375 0.16015625
0 0.11796875 0.2046875 0.2359375 0.1953125
0 0.36484375 0.1625 0.1 0.11875
0 0.19296875 0.42109375 0.084375 0.078125
0 0.0390625 0.0828125 0.0625 0.0453125
0 0.43671875 0.82734375 0.078125 0.0640625
0 0.00625 0.4375 0.0125 0.09765625
0 0.17265625 0.575 0.1625 0.275
0 0.525 0.82421875 0.0375 0.0484375