0 0.3 0.4859375 0.3359375 0.303125
0 0.446875 0.71796875 0.140625 0.1734375
0 0.0484375 0.428125 0.096875 0.11328125
0 0.12265625 0.17890625 0.075 0.078125
0 0.065625 0.275 0.13125 0.16015625
0 0.26953125 0.9359375 0.2546875 0.1265625
0 0.275 0.18046875 0.1 0.071875
0 0.21171875 0.83984375 0.0796875 0.07421875
0 0.115625 0.5921875 0.0328125 0.071875
0 0.34453125 0.8359375 0.0859375 0.08203125
0 0.3390625 0.6921875 0.0734375 0.115625
0 0.01953125 0.76171875 0.0390625 0.09375
0 0.109375 0.06953125 0.21875 0.134375
0 0.12421875 0.821875 0.0875 0.0765625
0 0.27109375 0.72265625 0.021875 0.03515625
0 0.2265625 0.7765625 0.0796875 0.053125
0 0.18515625 0.22578125 0.046875 0.0625
0 0.03359375 0.91796875 0.0671875 0.1640625
0 0.18515625 0.6859375 0.021875 0.02734375
0 0.2796875 0.67890625 0.0203125 0.025