0 0.64140625 0.85546875 0.1421875 0.1078125
0 0.90390625 0.9078125 0.1921875 0.18359375
0 0.67265625 0.7234375 0.2671875 0.1640625
0 0.51640625 0.75703125 0.0453125 0.05625
0 0.59765625 0.19375 0.3625 0.2515625
0 0.86953125 0.2046875 0.1734375 0.09375
0 0.559375 0.421875 0.275 0.209375
0 0.890625 0.33671875 0.21875 0.1578125
0 0.8125 0.475 0.2390625 0.13671875
0 0.76171875 0.365625 0.0421875 0.05078125
0 0.96953125 0.5015625 0.0578125 0.0453125
0 0.6546875 0.5828125 0.134375 0.1109375
0 0.925 0.5921875 0.15 0.0921875
0 0.89921875 0.71171875 0.178125 0.1390625
0 0.75859375 0.60625 0.1109375 0.06875
0 0.7984375 0.55390625 0.0578125 0.0453125
0 0.52890625 0.60859375 0.115625 0.09375