0 0.40703125 0.76875 0.1625 0.2484375
0 0.70546875 0.7421875 0.3515625 0.2984375
0 0.559375 0.2421875 0.1453125 0.08203125
0 0.65703125 0.50625 0.184375 0.11328125
0 0.71171875 0.2984375 0.1328125 0.0703125
0 0.94609375 0.6171875 0.09375 0.16796875
0 0.78359375 0.94296875 0.4296875 0.1140625
0 0.87734375 0.171875 0.05 0.02734375
0 0.93984375 0.7796875 0.1203125 0.1578125
0 0.01640625 0.690625 0.0328125 0.1109375
0 0.32890625 0.95234375 0.1140625 0.0953125
0 0.98828125 0.44921875 0.0234375 0.05625
0 0.88671875 0.665625 0.015625 0.01171875