0 0.6265625 0.58984375 0.103125 0.08203125
0 0.71953125 0.4234375 0.453125 0.15625
0 0.73515625 0.603125 0.125 0.203125
0 0.590625 0.18671875 0.2765625 0.3203125
0 0.84140625 0.5484375 0.059375 0.040625
0 0.71015625 0.953125 0.2703125 0.09375
0 0.88359375 0.9265625 0.2234375 0.146875
0 0.56796875 0.878125 0.1265625 0.1
0 0.86484375 0.22734375 0.2703125 0.2359375
0 0.9609375 0.5609375 0.078125 0.06640625
0 0.61015625 0.75703125 0.1921875 0.1171875
0 0.68203125 0.86796875 0.0671875 0.078125
0 0.9015625 0.73125 0.196875 0.2484375