0 0.5390625 0.6265625 0.06875 0.12109375
0 0.1125 0.44921875 0.225 0.19140625
0 0.1875 0.81640625 0.1828125 0.12890625
0 0.434375 0.6234375 0.09375 0.1484375
0 0.04921875 0.9359375 0.0984375 0.1234375
0 0.0796875 0.053125 0.159375 0.10546875
0 0.37890625 0.9328125 0.2640625 0.134375
0 0.059375 0.6390625 0.11875 0.1328125
0 0.46171875 0.40703125 0.1734375 0.29296875
0 0.24921875 0.66875 0.16875 0.1421875
0 0.0328125 0.8421875 0.0515625 0.0609375
0 0.3546875 0.54765625 0.053125 0.0859375
0 0.24765625 0.55546875 0.0984375 0.1171875
0 0.12890625 0.7203125 0.03125 0.02734375
0 0.109375 0.5609375 0.028125 0.03515625
0 0.41953125 0.228125 0.025 0.02734375
0 0.440625 0.07890625 0.1015625 0.13671875
0 0.25703125 0.03515625 0.1265625 0.0703125
0 0.375 0.1984375 0.05 0.05859375
0 0.58203125 0.97734375 0.0234375 0.0375
0 0.11640625 0.19609375 0.2328125 0.1875
0 0.04609375 0.3234375 0.028125 0.0296875
0 0.05859375 0.7859375 0.034375 0.04296875
0 0.1453125 0.6765625 0.0359375 0.0453125
0 0.31484375 0.34375 0.1265625 0.2953125
0 0.34140625 0.05 0.0375 0.05859375