0 0.4359375 0.209375 0.2265625 0.1578125
0 0.91328125 0.76640625 0.1 0.1078125
0 0.05703125 0.653125 0.1140625 0.16796875
0 0.3109375 0.3234375 0.1171875 0.0625
0 0.62578125 0.4015625 0.4640625 0.2984375
0 0.9515625 0.40625 0.096875 0.0953125
0 0.959375 0.90546875 0.08125 0.1578125
0 0.6484375 0.65546875 0.075 0.06875
0 0.90625 0.546875 0.184375 0.1859375
0 0.66015625 0.1578125 0.065625 0.053125
0 0.90625 0.3171875 0.0625 0.0703125
0 0.240625 0.2140625 0.1484375 0.1796875
0 0.88125 0.18046875 0.1015625 0.07421875
0 0.0546875 0.25625 0.109375 0.24375
0 0.2375 0.6234375 0.24375 0.1796875
0 0.74765625 0.15 0.0375 0.0234375
0 0.965625 0.2515625 0.06875 0.1421875
0 0.58984375 0.16875 0.034375 0.0328125
0 0.01171875 0.53125 0.0234375 0.0609375
0 0.0203125 0.7984375 0.040625 0.08984375
0 0.79296875 0.2046875 0.0671875 0.06875