0 0.0515625 0.3921875 0.096875 0.15234375
0 0.7265625 0.6890625 0.13125 0.109375
0 0.87578125 0.225 0.178125 0.2046875
0 0.26953125 0.94609375 0.1703125 0.1078125
0 0.46640625 0.16484375 0.053125 0.0609375
0 0.66796875 0.6125 0.0578125 0.084375
0 0.84296875 0.7015625 0.0625 0.1328125
0 0.6546875 0.18671875 0.259375 0.2109375
0 0.05625 0.65234375 0.1125 0.18125
0 0.78125 0.603125 0.11875 0.05859375
0 0.86640625 0.4765625 0.0625 0.084375
0 0.11953125 0.1359375 0.1859375 0.12109375
0 0.41015625 0.2171875 0.040625 0.03515625
0 0.1375 0.96640625 0.053125 0.0671875
0 0.2171875 0.1671875 0.1015625 0.07421875
0 0.959375 0.4921875 0.08125 0.19140625
0 0.3390625 0.58984375 0.0515625 0.053125
0 0.5328125 0.01875 0.071875 0.0375
0 0.98203125 0.225 0.0359375 0.21484375
0 0.1109375 0.834375 0.221875 0.1484375
0 0.17421875 0.46796875 0.071875 0.0765625
0 0.19296875 0.34375 0.1484375 0.14453125
0 0.0140625 0.515625 0.028125 0.02734375
0 0.9203125 0.6328125 0.1578125 0.1859375
0 0.90546875 0.4328125 0.03125 0.0296875
0 0.63203125 0.03515625 0.0359375 0.0234375