0 0.45078125 0.2734375 0.0765625 0.109375
0 0.73125 0.9328125 0.125 0.134375
0 0.11328125 0.52421875 0.1671875 0.2046875
0 0.39375 0.34765625 0.0609375 0.05078125
0 0.96796875 0.91015625 0.0640625 0.178125
0 0.75078125 0.3046875 0.490625 0.321875
0 0.08359375 0.71953125 0.10625 0.1265625
0 0.10625 0.1796875 0.128125 0.0625
0 0.153125 0.278125 0.1265625 0.109375
0 0.53515625 0.040625 0.0921875 0.08125
0 0.6453125 0.096875 0.078125 0.0390625
0 0.86875 0.9328125 0.14375 0.078125
0 0.21953125 0.2 0.025 0.02734375
0 0.77109375 0.0296875 0.0328125 0.02734375
0 0.01484375 0.215625 0.0296875 0.109375
0 0.853125 0.1546875 0.071875 0.04296875
0 0.95 0.740625 0.05625 0.0703125
0 0.2953125 0.940625 0.0375 0.0390625
0 0.99453125 0.65625 0.0109375 0.0390625