0 0.32265625 0.890625 0.2296875 0.21875
0 0.3171875 0.71484375 0.14375 0.109375
0 0.12421875 0.62890625 0.0828125 0.12109375
0 0.2453125 0.43046875 0.234375 0.18125
0 0.26484375 0.2546875 0.0859375 0.0703125
0 0.31328125 0.084375 0.3296875 0.16796875
0 0.04453125 0.1953125 0.0890625 0.115625
0 0.5109375 0.628125 0.2171875 0.3140625
0 0.0953125 0.915625 0.190625 0.165625
0 0.059375 0.603125 0.0359375 0.0390625
0 0.540625 0.953125 0.20625 0.09375
0 0.175 0.8046875 0.0671875 0.140625
0 0.40546875 0.3828125 0.0796875 0.07421875
0 0.071875 0.0921875 0.0890625 0.071875
0 0.51796875 0.2421875 0.028125 0.046875
0 0.53046875 0.2921875 0.0390625 0.03515625
0 0.06953125 0.7328125 0.134375 0.13671875
0 0.57265625 0.4359375 0.046875 0.05859375
0 0.01328125 0.35078125 0.0265625 0.05625
0 0.0640625 0.51875 0.0703125 0.0609375
0 0.278125 0.59765625 0.0828125 0.0796875