0 0.859375 0.7828125 0.1625 0.12890625
0 0.50390625 0.6875 0.10625 0.0703125
0 0.1046875 0.86796875 0.209375 0.1953125
0 0.1328125 0.71796875 0.1625 0.0875
0 0.7453125 0.80078125 0.05 0.0625
0 0.6859375 0.89375 0.096875 0.1078125
0 0.35390625 0.65703125 0.03125 0.02734375
0 0.39296875 0.75625 0.0859375 0.08984375
0 0.17734375 0.98125 0.1515625 0.0375
0 0.0078125 0.709375 0.015625 0.0859375
0 0.18984375 0.6296875 0.0921875 0.04296875
0 0.3046875 0.93046875 0.1921875 0.11875
0 0.53046875 0.9078125 0.2734375 0.18359375
0 0.75703125 0.99296875 0.0359375 0.0140625