0 0.4390625 0.4640625 0.10625 0.15
0 0.3640625 0.5890625 0.090625 0.06875
0 0.73671875 0.53203125 0.4421875 0.37109375
0 0.55 0.1328125 0.1171875 0.07421875
0 0.92734375 0.27734375 0.0828125 0.078125
0 0.67578125 0.1796875 0.10625 0.046875
0 0.0515625 0.31875 0.090625 0.05859375
0 0.60234375 0.03515625 0.0640625 0.0375
0 0.065625 0.45390625 0.13125 0.1171875
0 0.821875 0.0890625 0.0515625 0.04296875
0 0.15078125 0.33984375 0.025 0.0296875
0 0.0484375 0.8140625 0.096875 0.2046875
0 0.0046875 0.95703125 0.009375 0.02734375
0 0.62890625 0.303125 0.1453125 0.046875
0 0.978125 0.57890625 0.04375 0.16796875