0 0.26796875 0.90546875 0.15625 0.1890625
0 0.13828125 0.1203125 0.25625 0.12890625
0 0.14296875 0.35625 0.2859375 0.225
0 0.11796875 0.66015625 0.234375 0.375
0 0.1640625 0.896875 0.065625 0.1015625
0 0.48515625 0.9296875 0.2765625 0.140625
0 0.3375 0.53125 0.03125 0.03125
0 0.41875 0.1921875 0.0421875 0.03515625
0 0.66015625 0.5578125 0.05 0.0796875
0 0.71015625 0.6328125 0.1171875 0.1015625
0 0.76640625 0.553125 0.1171875 0.0625
0 0.8234375 0.64453125 0.0578125 0.12890625
0 0.95859375 0.46484375 0.0828125 0.17578125
0 0.90390625 0.59375 0.159375 0.2015625
0 0.99375 0.640625 0.0125 0.05859375
0 0.84375 0.4375 0.05 0.084375
0 0.4671875 0.1421875 0.0484375 0.0546875
0 0.53671875 0.00625 0.0546875 0.01171875
0 0.6421875 0.165625 0.2578125 0.18359375
0 0.86328125 0.2046875 0.1671875 0.178125
0 0.97265625 0.2140625 0.0546875 0.209375
0 0.99765625 0.0453125 0.0046875 0.0140625