0 0.296875 0.490625 0.3328125 0.296875
0 0.46953125 0.72734375 0.109375 0.16015625
0 0.265625 0.9375 0.23125 0.125
0 0.07265625 0.28203125 0.1453125 0.146875
0 0.04765625 0.42578125 0.0953125 0.115625
0 0.115625 0.59296875 0.034375 0.08203125
0 0.26953125 0.17890625 0.075 0.06875
0 0.11953125 0.17578125 0.065625 0.07421875
0 0.35 0.8390625 0.0765625 0.0921875
0 0.340625 0.6921875 0.0625 0.103125
0 0.2296875 0.771875 0.0765625 0.0546875
0 0.12265625 0.8203125 0.0859375 0.07421875
0 0.2109375 0.8453125 0.08125 0.078125
0 0.10703125 0.06875 0.2140625 0.1328125
0 0.01875 0.765625 0.0375 0.09765625
0 0.03046875 0.91015625 0.0609375 0.171875
0 0.2703125 0.71796875 0.0203125 0.03125
0 0.18046875 0.22734375 0.0625 0.07421875