0 0.58671875 0.14375 0.3125 0.1875
0 0.6421875 0.7484375 0.1265625 0.109375
0 0.934375 0.68125 0.125 0.06875
0 0.67734375 0.95703125 0.2109375 0.0859375
0 0.7828125 0.859375 0.128125 0.12109375
0 0.871875 0.78046875 0.0453125 0.03515625
0 0.55390625 0.64375 0.034375 0.03515625
0 0.8578125 0.2203125 0.2765625 0.13671875
0 0.5203125 0.42578125 0.08125 0.046875
0 0.6109375 0.40703125 0.0984375 0.07421875
0 0.92109375 0.875 0.0734375 0.11875
0 0.52734375 0.30859375 0.1765625 0.140625
0 0.75234375 0.3234375 0.25625 0.134375
0 0.6375 0.4984375 0.1828125 0.178125
0 0.82890625 0.428125 0.0875 0.0484375
0 0.86640625 0.5453125 0.265625 0.1703125
0 0.74921875 0.65703125 0.08125 0.0453125
0 0.96015625 0.9578125 0.0796875 0.0625