0 0.41796875 0.215625 0.19375 0.1390625
0 0.62265625 0.42578125 0.1328125 0.12109375
0 0.30703125 0.3375 0.109375 0.06875
0 0.05546875 0.6765625 0.1109375 0.17578125
0 0.0546875 0.2640625 0.109375 0.2421875
0 0.9203125 0.796875 0.103125 0.11328125
0 0.778125 0.4859375 0.1734375 0.13671875
0 0.4703125 0.41875 0.1640625 0.06640625
0 0.2265625 0.6390625 0.240625 0.17578125
0 0.55859375 0.34453125 0.134375 0.13125
0 0.21484375 0.2203125 0.1265625 0.1640625
0 0.65078125 0.68125 0.078125 0.0640625
0 0.55078125 0.196875 0.05 0.04296875
0 0.6625 0.17109375 0.0515625 0.0453125
0 0.95859375 0.41875 0.0828125 0.0796875
0 0.9625 0.9375 0.075 0.08984375
0 0.5875 0.2390625 0.046875 0.0484375
0 0.890625 0.1890625 0.0953125 0.06640625
0 0.940625 0.27734375 0.11875 0.1484375
0 0.91484375 0.56875 0.1703125 0.19921875
0 0.75390625 0.15546875 0.0375 0.0234375
0 0.7984375 0.21015625 0.075 0.0703125
0 0.01640625 0.8234375 0.0328125 0.05859375
0 0.00859375 0.55 0.0171875 0.05078125
0 0.70625 0.3265625 0.1640625 0.1265625