0 0.64921875 0.6109375 0.109375 0.1328125
0 0.646875 0.9078125 0.1296875 0.1015625
0 0.603125 0.1921875 0.3640625 0.2875
0 0.5578125 0.43671875 0.2953125 0.21875
0 0.7703125 0.6390625 0.0921875 0.0625
0 0.8703125 0.2140625 0.1640625 0.0953125
0 0.715625 0.7578125 0.1625 0.178125
0 0.82890625 0.4796875 0.2390625 0.15
0 0.52578125 0.63359375 0.1078125 0.08203125
0 0.94453125 0.615625 0.1109375 0.08203125
0 0.5171875 0.8015625 0.046875 0.0609375
0 0.91640625 0.9171875 0.134375 0.103125
0 0.8046875 0.57109375 0.0375 0.0296875
0 0.978125 0.52265625 0.04375 0.04296875
0 0.7703125 0.3765625 0.05 0.053125
0 0.90390625 0.74375 0.178125 0.1328125
0 0.89140625 0.33515625 0.2171875 0.1578125
0 0.58828125 0.78515625 0.0578125 0.078125
0 0.88671875 0.99296875 0.065625 0.0140625