0 0.75703125 0.47578125 0.1546875 0.08203125
0 0.575 0.3828125 0.1625 0.1
0 0.69921875 0.76640625 0.2109375 0.11875
0 0.93671875 0.275 0.0703125 0.0484375
0 0.64140625 0.871875 0.0984375 0.078125
0 0.75234375 0.95234375 0.378125 0.0953125
0 0.62421875 0.165625 0.015625 0.015625
0 0.653125 0.175 0.0171875 0.0234375
0 0.78046875 0.8921875 0.0265625 0.025
0 0.3796875 0.959375 0.0109375 0.0140625
0 0.41953125 0.9875 0.0421875 0.025
0 0.48828125 0.9359375 0.0140625 0.0171875
0 0.51328125 0.94375 0.0078125 0.0140625
0 0.990625 0.9921875 0.015625 0.015625