0 0.5234375 0.915625 0.2078125 0.165625
0 0.2578125 0.6109375 0.084375 0.078125
0 0.24609375 0.1578125 0.25 0.125
0 0.38125 0.6578125 0.05 0.04296875
0 0.2390625 0.7875 0.2515625 0.1859375
0 0.4671875 0.1421875 0.075 0.0328125
0 0.3125 0.4625 0.3140625 0.16015625
0 0.04921875 0.52734375 0.0984375 0.1171875
0 0.1625 0.28515625 0.1546875 0.0953125
0 0.06015625 0.859375 0.065625 0.0546875
0 0.0578125 0.05625 0.115625 0.09375
0 0.06796875 0.3375 0.040625 0.0453125
0 0.0390625 0.1859375 0.078125 0.16015625
0 0.0796875 0.4359375 0.0875 0.0859375
0 0.1171875 0.95234375 0.090625 0.0875
0 0.01015625 0.68359375 0.0203125 0.0546875
0 0.565625 0.80625 0.0515625 0.0546875
0 0.23984375 0.0421875 0.125 0.084375
0 0.38515625 0.084375 0.065625 0.0453125
0 0.49375 0.0453125 0.065625 0.08984375
0 0.3140625 0.33984375 0.2578125 0.08984375
0 0.253125 0.95390625 0.115625 0.0921875
0 0.4046875 0.74296875 0.084375 0.08203125
0 0.34453125 0.9140625 0.0234375 0.0296875
0 0.52734375 0.61875 0.040625 0.0921875