0 0.6234375 0.178125 0.440625 0.20703125
0 0.47421875 0.6390625 0.15625 0.09765625
0 0.7265625 0.853125 0.0953125 0.11328125
0 0.8171875 0.4203125 0.0640625 0.12109375
0 0.6453125 0.3625 0.2953125 0.1625
0 0.59140625 0.6765625 0.0828125 0.1
0 0.49765625 0.86875 0.1390625 0.140625
0 0.89765625 0.3015625 0.203125 0.115625
0 0.59453125 0.55859375 0.421875 0.1265625
0 0.92421875 0.1421875 0.0421875 0.0328125
0 0.87734375 0.76640625 0.2453125 0.30859375
0 0.3984375 0.7359375 0.0578125 0.046875
0 0.65 0.0578125 0.0515625 0.0390625
0 0.9375 0.46171875 0.125 0.14453125
0 0.8796875 0.57421875 0.1140625 0.06875
0 0.69296875 0.7046875 0.046875 0.09375
0 0.7234375 0.63984375 0.028125 0.03125
0 0.71640625 0.95625 0.2171875 0.0875