0 0.63671875 0.684375 0.0484375 0.0640625
0 0.0078125 0.4203125 0.015625 0.0484375
0 0.1421875 0.50703125 0.1296875 0.0953125
0 0.18828125 0.359375 0.215625 0.1578125
0 0.453125 0.42109375 0.3359375 0.2109375
0 0.24921875 0.64140625 0.2109375 0.16796875
0 0.4390625 0.55625 0.0875 0.06875
0 0.69453125 0.34296875 0.15625 0.07421875
0 0.66953125 0.46796875 0.128125 0.09375
0 0.93125 0.4359375 0.1375 0.2203125
0 0.84375 0.3140625 0.0421875 0.040625
0 0.6734375 0.5703125 0.1140625 0.10546875
0 0.8265625 0.6109375 0.184375 0.2734375
0 0.56171875 0.6703125 0.1015625 0.15234375
0 0.6265625 0.6375 0.034375 0.03125
0 0.70390625 0.68125 0.075 0.0703125
0 0.6671875 0.746875 0.08125 0.0625
0 0.47578125 0.84453125 0.2234375 0.1890625
0 0.725 0.87109375 0.2765625 0.196875
0 0.915625 0.94140625 0.16875 0.1171875
0 0.99453125 0.571875 0.0109375 0.0234375
0 0.09765625 0.5765625 0.0515625 0.046875