0 0.11328125 0.0703125 0.2234375 0.13671875
0 0.1203125 0.1859375 0.053125 0.0765625
0 0.0484375 0.425 0.096875 0.11328125
0 0.06640625 0.2765625 0.1328125 0.146875
0 0.3 0.49296875 0.3265625 0.296875
0 0.47890625 0.7171875 0.09375 0.1265625
0 0.025 0.76484375 0.05 0.1
0 0.0359375 0.9140625 0.0703125 0.171875
0 0.28359375 0.940625 0.23125 0.11875
0 0.2109375 0.840625 0.0765625 0.078125
0 0.359375 0.840625 0.075 0.084375
0 0.35078125 0.69921875 0.06875 0.103125
0 0.2703125 0.7203125 0.0234375 0.0375
0 0.13125 0.81875 0.0703125 0.071875
0 0.23359375 0.771875 0.0796875 0.053125
0 0.1140625 0.59453125 0.0328125 0.08203125
0 0.2734375 0.18125 0.096875 0.0703125
0 0.19375 0.240625 0.0515625 0.046875