0 0.21796875 0.2953125 0.25625 0.165625
0 0.059375 0.0875 0.11875 0.1015625
0 0.30234375 0.0203125 0.28125 0.0390625
0 0.24453125 0.13125 0.08125 0.06640625
0 0.10390625 0.5109375 0.0796875 0.12109375
0 0.25 0.4859375 0.1109375 0.1078125
0 0.32109375 0.57734375 0.1296875 0.10546875
0 0.17421875 0.6859375 0.0796875 0.125
0 0.09375 0.8140625 0.1875 0.18359375
0 0.06640625 0.62890625 0.13125 0.15
0 0.0546875 0.4015625 0.078125 0.0625
0 0.04453125 0.4875 0.028125 0.04296875
0 0.3296875 0.784375 0.2328125 0.259375
0 0.57265625 0.8765625 0.2515625 0.2421875
0 0.5125 0.4859375 0.2203125 0.2890625
0 0.54296875 0.30546875 0.0828125 0.084375
0 0.3875 0.2546875 0.078125 0.0875
0 0.5 0.13359375 0.059375 0.0765625
0 0.35625 0.165625 0.040625 0.040625
0 0.3046875 0.9765625 0.184375 0.046875
0 0.384375 0.92578125 0.046875 0.03125
0 0.0640625 0.95234375 0.128125 0.08984375
0 0.19921875 0.7890625 0.0234375 0.0328125
0 0.15390625 0.4125 0.0578125 0.053125
0 0.60546875 0.72265625 0.05 0.05078125