0 0.56015625 0.259375 0.1484375 0.07421875
0 0.66015625 0.54375 0.1859375 0.1171875
0 0.7140625 0.3203125 0.1296875 0.078125
0 0.41796875 0.803125 0.14375 0.2484375
0 0.70546875 0.81015625 0.3015625 0.3796875
0 0.8828125 0.184375 0.05 0.03125
0 0.33671875 0.9171875 0.0265625 0.0375
0 0.01015625 0.725 0.0203125 0.0875
0 0.60078125 0.09765625 0.028125 0.021875
0 0.63671875 0.1046875 0.0203125 0.015625
0 0.28984375 0.9859375 0.04375 0.02734375
0 0.3671875 0.9859375 0.028125 0.02734375
0 0.9515625 0.7265625 0.096875 0.12109375
0 0.92890625 0.89609375 0.1421875 0.2078125
0 0.9515625 0.6140625 0.078125 0.0953125
0 0.89609375 0.78046875 0.0109375 0.01171875