0 0.57109375 0.3390625 0.1609375 0.1
0 0.73671875 0.90546875 0.3296875 0.1859375
0 0.62890625 0.1453125 0.0640625 0.03125
0 0.74140625 0.41875 0.14375 0.08203125
0 0.68046875 0.70703125 0.2109375 0.15
0 0.4171875 0.9375 0.1390625 0.125
0 0.9203125 0.24375 0.0671875 0.0328125
0 0.98671875 0.7609375 0.0265625 0.0484375
0 0.959375 0.90234375 0.0109375 0.015625
0 0.4859375 0.8328125 0.0171875 0.025
0 0.75390625 0.7875 0.009375 0.0078125
0 0.978125 0.9203125 0.015625 0.0171875
0 0.98203125 0.978125 0.009375 0.01171875