0 0.06015625 0.2625 0.115625 0.109375
0 0.0859375 0.13359375 0.1296875 0.13671875
0 0.1453125 0.0453125 0.1046875 0.0875
0 0.01015625 0.0671875 0.0203125 0.078125
0 0.3 0.33515625 0.296875 0.30625
0 0.46796875 0.52265625 0.121875 0.15
0 0.35078125 0.5109375 0.015625 0.0234375
0 0.375 0.5953125 0.040625 0.040625
0 0.0140625 0.38359375 0.028125 0.1078125
0 0.034375 0.57890625 0.06875 0.1640625
0 0.22421875 0.615625 0.08125 0.0921875
0 0.1390625 0.7859375 0.278125 0.1953125
0 0.09296875 0.9421875 0.1859375 0.115625
0 0.30625 0.70703125 0.15 0.1421875
0 0.33046875 0.5984375 0.046875 0.0796875
0 0.3453125 0.87578125 0.1375 0.19140625
0 0.42890625 0.93671875 0.08125 0.1265625
0 0.53671875 0.91328125 0.1671875 0.16796875
0 0.19609375 0.10859375 0.04375 0.053125
0 0.228125 0.915625 0.090625 0.06640625