0 0.8 0.5734375 0.1484375 0.09765625
0 0.4625 0.73046875 0.4578125 0.28125
0 0.75625 0.78515625 0.171875 0.1421875
0 0.04375 0.52265625 0.0671875 0.1015625
0 0.18125 0.5296875 0.15 0.0484375
0 0.74375 0.93359375 0.121875 0.109375
0 0.45234375 0.940625 0.090625 0.0703125
0 0.065625 0.84765625 0.13125 0.1546875
0 0.975 0.8421875 0.05 0.109375
0 0.7 0.58671875 0.0421875 0.0546875
0 0.9078125 0.9203125 0.1765625 0.15234375
0 0.14921875 0.634375 0.2 0.1421875
0 0.94765625 0.528125 0.0640625 0.0453125
0 0.20078125 0.4671875 0.028125 0.03125
0 0.25546875 0.46796875 0.0296875 0.025
0 0.42109375 0.53203125 0.1390625 0.115625
0 0.98828125 0.70703125 0.0234375 0.0375