0 0.56015625 0.2703125 0.134375 0.0875
0 0.66171875 0.5703125 0.178125 0.115625
0 0.71953125 0.3375 0.1328125 0.06875
0 0.71171875 0.82578125 0.3109375 0.3484375
0 0.6171875 0.1078125 0.0625 0.03515625
0 0.89296875 0.1890625 0.0546875 0.0484375
0 0.41640625 0.84453125 0.1421875 0.275
0 0.33203125 0.96484375 0.0234375 0.0296875
0 0.97421875 0.7390625 0.0515625 0.084375
0 0.959375 0.63984375 0.08125 0.09765625
0 0.96484375 0.87421875 0.0703125 0.1734375
0 0.9421875 0.98984375 0.03125 0.0203125
0 0.96875 0.9890625 0.0171875 0.021875
0 0.89921875 0.9046875 0.0671875 0.10546875