0 0.44375 0.35 0.075 0.103125
0 0.7046875 0.3796875 0.3609375 0.3453125
0 0.53671875 0.09296875 0.0859375 0.0625
0 0.03828125 0.9 0.0765625 0.140625
0 0.3796875 0.44453125 0.078125 0.05859375
0 0.07578125 0.6703125 0.1515625 0.259375
0 0.06640625 0.23359375 0.1328125 0.0703125
0 0.115625 0.3484375 0.121875 0.10546875
0 0.8859375 0.2109375 0.075 0.05625
0 0.79375 0.05625 0.040625 0.0296875
0 0.94296875 0.46953125 0.109375 0.22265625
0 0.6578125 0.13125 0.0796875 0.05078125
0 0.18828125 0.25859375 0.025 0.03125
0 0.9890625 0.9328125 0.021875 0.0625