0 0.30390625 0.4890625 0.3390625 0.296875
0 0.46171875 0.7234375 0.10625 0.165625
0 0.2734375 0.934375 0.228125 0.13125
0 0.2703125 0.1765625 0.0828125 0.05859375
0 0.21484375 0.84375 0.0796875 0.078125
0 0.04609375 0.4234375 0.0921875 0.10546875
0 0.06640625 0.275 0.1328125 0.15625
0 0.11953125 0.1796875 0.0671875 0.0765625
0 0.33515625 0.69375 0.0625 0.1
0 0.34765625 0.82734375 0.0703125 0.07421875
0 0.1234375 0.8203125 0.0828125 0.0625
0 0.109375 0.071875 0.21875 0.140625
0 0.18671875 0.23125 0.0484375 0.05078125
0 0.23046875 0.771875 0.075 0.053125
0 0.03203125 0.93046875 0.0640625 0.1390625
0 0.27109375 0.7203125 0.021875 0.03515625
0 0.02109375 0.759375 0.0421875 0.08984375
0 0.1859375 0.6828125 0.01875 0.025
0 0.278125 0.67578125 0.0203125 0.025