0 0.8265625 0.6671875 0.159375 0.115625
0 0.1609375 0.615625 0.146875 0.06640625
0 0.778125 0.9140625 0.2015625 0.1640625
0 0.3890625 0.640625 0.08125 0.08203125
0 0.1109375 0.73125 0.2203125 0.1796875
0 0.4765625 0.58515625 0.071875 0.0625
0 0.72109375 0.6828125 0.04375 0.0546875
0 0.4578125 0.84765625 0.4921875 0.2734375
0 0.1703125 0.85859375 0.0796875 0.0703125
0 0.021875 0.6 0.04375 0.11328125
0 0.253125 0.9703125 0.0625 0.05859375
0 0.04921875 0.94609375 0.0984375 0.1078125
0 0.2125 0.54296875 0.0828125 0.0296875
0 0.97734375 0.6125 0.0453125 0.0625
0 0.94375 0.98984375 0.040625 0.0203125
0 0.9921875 0.9234375 0.015625 0.04296875
0 0.61796875 0.6859375 0.0515625 0.0453125