0 0.2953125 0.3109375 0.3 0.265625
0 0.45625 0.50703125 0.0921875 0.14453125
0 0.06328125 0.259375 0.1078125 0.1
0 0.078125 0.1265625 0.15625 0.125
0 0.27421875 0.68671875 0.2078125 0.1546875
0 0.334375 0.59296875 0.0421875 0.08203125
0 0.22421875 0.59296875 0.0828125 0.10546875
0 0.3765625 0.5890625 0.0390625 0.040625
0 0.0265625 0.5328125 0.053125 0.08984375
0 0.034375 0.6515625 0.06875 0.15234375
0 0.01328125 0.38359375 0.0265625 0.1015625
0 0.47890625 0.8609375 0.059375 0.0765625
0 0.08515625 0.840625 0.1703125 0.31875
0 0.35 0.50625 0.0171875 0.0296875
0 0.43125 0.95078125 0.06875 0.0984375
0 0.165625 0.0609375 0.1328125 0.12109375
0 0.28125 0.0375 0.025 0.021875
0 0.29375 0.86015625 0.2515625 0.2015625
0 0.49921875 0.959375 0.046875 0.04296875
0 0.57734375 0.9390625 0.08125 0.12109375
0 0.34453125 0.4625 0.0671875 0.0375