0 0.125 0.490625 0.0859375 0.12109375
0 0.53359375 0.47578125 0.2203125 0.3046875
0 0.32109375 0.571875 0.146875 0.1390625
0 0.33828125 0.821875 0.25625 0.35546875
0 0.26015625 0.1234375 0.0765625 0.06875
0 0.04765625 0.05859375 0.0953125 0.1171875
0 0.06171875 0.4671875 0.0359375 0.0390625
0 0.24140625 0.28125 0.259375 0.2046875
0 0.5625 0.87109375 0.2140625 0.23828125
0 0.09609375 0.80625 0.1921875 0.22265625
0 0.18359375 0.66484375 0.0640625 0.1234375
0 0.06796875 0.3796875 0.0765625 0.0625
0 0.51796875 0.11875 0.046875 0.09375
0 0.2625 0.478125 0.10625 0.11328125
0 0.31796875 0.0171875 0.2390625 0.034375
0 0.415625 0.25390625 0.0890625 0.1015625
0 0.04296875 0.94140625 0.0859375 0.10546875
0 0.01015625 0.2171875 0.0203125 0.04296875
0 0.06171875 0.2953125 0.0265625 0.02734375
0 0.115625 0.06328125 0.0359375 0.05078125
0 0.571875 0.3046875 0.034375 0.03515625
0 0.0640625 0.6125 0.128125 0.17578125
0 0.5875 0.6890625 0.10625 0.10546875