0 0.81015625 0.565625 0.159375 0.2359375
0 0.721875 0.7515625 0.23125 0.2734375
0 0.24921875 0.603125 0.1921875 0.1328125
0 0.140625 0.478125 0.1234375 0.1171875
0 0.4875 0.7609375 0.2328125 0.12109375
0 0.5859375 0.61640625 0.1625 0.1640625
0 0.44765625 0.409375 0.328125 0.2515625
0 0.6890625 0.315625 0.1515625 0.078125
0 0.8953125 0.9078125 0.20625 0.18359375
0 0.0171875 0.39140625 0.034375 0.08984375
0 0.93125 0.41796875 0.1328125 0.2421875
0 0.83046875 0.290625 0.0546875 0.0234375
0 0.1828125 0.33125 0.19375 0.14453125
0 0.66328125 0.4828125 0.1265625 0.1703125