0 0.68203125 0.528125 0.1328125 0.09765625
0 0.23671875 0.7453125 0.2046875 0.16015625
0 0.446875 0.4921875 0.3640625 0.20703125
0 0.72890625 0.3828125 0.1265625 0.0796875
0 0.1265625 0.56875 0.1421875 0.125
0 0.440625 0.9390625 0.1546875 0.11875
0 0.3953125 0.36875 0.0546875 0.0484375
0 0.44375 0.63125 0.075 0.05859375
0 0.28359375 0.315625 0.0328125 0.02734375
0 0.871875 0.56875 0.06875 0.0859375
0 0.1703125 0.36640625 0.1890625 0.0703125
0 0.19453125 0.4328125 0.0453125 0.0375
0 0.646875 0.38984375 0.0359375 0.04296875
0 0.6109375 0.7703125 0.2296875 0.209375
0 0.74609375 0.6421875 0.2375 0.14453125
0 0.8203125 0.74140625 0.2265625 0.18359375
0 0.703125 0.9390625 0.3671875 0.12109375
0 0.94765625 0.4859375 0.1046875 0.1015625
0 0.9828125 0.57890625 0.034375 0.04296875