0 0.44375 0.37109375 0.090625 0.115625
0 0.70546875 0.409375 0.3734375 0.37890625
0 0.546875 0.1078125 0.1015625 0.05859375
0 0.38046875 0.478125 0.078125 0.05625
0 0.0625 0.2515625 0.125 0.071875
0 0.0703125 0.71015625 0.140625 0.2671875
0 0.89453125 0.22578125 0.0796875 0.0609375
0 0.0296875 0.94296875 0.059375 0.1140625
0 0.10078125 0.3703125 0.134375 0.115625
0 0.803125 0.0640625 0.040625 0.0296875
0 0.3875 0.428125 0.01875 0.0234375
0 0.659375 0.13984375 0.0859375 0.05625
0 0.94609375 0.5015625 0.1078125 0.240625
0 0.18203125 0.275 0.025 0.0234375
0 0.98125 0.33671875 0.015625 0.0234375
0 0.5984375 0.0140625 0.04375 0.021875