0 0.425 0.2671875 0.1890625 0.16796875
0 0.4734375 0.4890625 0.178125 0.078125
0 0.65625 0.50859375 0.18125 0.140625
0 0.29453125 0.39375 0.121875 0.0765625
0 0.92890625 0.675 0.1421875 0.1703125
0 0.79609375 0.5890625 0.1734375 0.11875
0 0.578125 0.41015625 0.165625 0.15625
0 0.61015625 0.2796875 0.08125 0.071875
0 0.6703125 0.80625 0.075 0.0703125
0 0.74609375 0.3671875 0.13125 0.16796875
0 0.196875 0.30625 0.1015625 0.06875
0 0.159375 0.19375 0.0609375 0.053125
0 0.55390625 0.240625 0.0546875 0.05078125
0 0.64609375 0.2015625 0.125 0.0390625
0 0.0375 0.7828125 0.075 0.2015625
0 0.0296875 0.35859375 0.059375 0.053125
0 0.9640625 0.57421875 0.059375 0.0453125
0 0.82734375 0.25625 0.075 0.08203125
0 0.96796875 0.4875 0.0640625 0.05078125
0 0.1171875 0.8015625 0.0875 0.05625
0 0.2484375 0.2390625 0.0921875 0.08203125
0 0.93125 0.225 0.1375 0.07421875
0 0.76875 0.1828125 0.034375 0.021875
0 0.121875 0.7109375 0.0921875 0.11875
0 0.95625 0.9390625 0.084375 0.12109375
0 0.0453125 0.26484375 0.090625 0.078125
0 0.0078125 0.1703125 0.015625 0.0296875
0 0.2421875 0.771875 0.1453125 0.1796875
0 0.9578125 0.36875 0.084375 0.08984375
0 0.83984375 0.31640625 0.0265625 0.0234375