0 0.45546875 0.665625 0.4296875 0.23046875
0 0.21328125 0.9453125 0.23125 0.103125
0 0.77734375 0.51953125 0.11875 0.084375
0 0.73203125 0.7171875 0.175 0.12890625
0 0.3953125 0.50625 0.0609375 0.06875
0 0.190625 0.4859375 0.146875 0.05859375
0 0.9578125 0.7640625 0.084375 0.1015625
0 0.45234375 0.8578125 0.090625 0.07421875
0 0.05703125 0.4796875 0.0765625 0.0953125
0 0.58046875 0.94453125 0.115625 0.10546875
0 0.08046875 0.7796875 0.1609375 0.15625
0 0.16484375 0.5734375 0.1734375 0.1171875
0 0.68359375 0.5328125 0.0390625 0.046875
0 0.9375 0.940625 0.125 0.11875
0 0.9296875 0.47734375 0.053125 0.0453125
0 0.471875 0.45703125 0.071875 0.046875
0 0.26640625 0.43046875 0.0453125 0.0328125
0 0.7890625 0.88359375 0.2671875 0.22265625
0 0.2109375 0.4296875 0.0234375 0.0296875
0 0.98515625 0.63125 0.0296875 0.0328125