0 0.0484375 0.75078125 0.096875 0.16015625
0 0.30078125 0.03984375 0.140625 0.0796875
0 0.41953125 0.94375 0.075 0.0953125
0 0.0890625 0.553125 0.178125 0.134375
0 0.209375 0.12109375 0.1671875 0.12109375
0 0.04375 0.084375 0.0875 0.16796875
0 0.1125 0.4046875 0.1484375 0.16015625
0 0.3140625 0.38359375 0.178125 0.17578125
0 0.44140625 0.64375 0.0796875 0.0859375
0 0.39921875 0.059375 0.059375 0.0609375
0 0.03125 0.2484375 0.0421875 0.053125
0 0.175 0.23828125 0.1234375 0.1390625
0 0.025 0.925 0.05 0.134375