0 0.79609375 0.9125 0.134375 0.1109375
0 0.63671875 0.5734375 0.1765625 0.08984375
0 0.87421875 0.70390625 0.0875 0.06640625
0 0.54765625 0.67578125 0.328125 0.125
0 0.71484375 0.196875 0.190625 0.1109375
0 0.38359375 0.9703125 0.2015625 0.05625
0 0.13828125 0.534375 0.175 0.0796875
0 0.025 0.7609375 0.05 0.0625
0 0.0671875 0.09765625 0.078125 0.0453125
0 0.06015625 0.4140625 0.1203125 0.071875
0 0.8921875 0.80546875 0.2078125 0.0484375
0 0.15625 0.046875 0.184375 0.09375
0 0.31171875 0.0140625 0.1015625 0.025
0 0.42578125 0.01171875 0.0515625 0.0234375
0 0.58203125 0.0390625 0.19375 0.0765625
0 0.1328125 0.228125 0.265625 0.21484375
0 0.44765625 0.19609375 0.2984375 0.146875
0 0.32421875 0.384375 0.378125 0.240625
0 0.11640625 0.4546875 0.034375 0.0296875
0 0.0453125 0.62109375 0.090625 0.16796875
0 0.00703125 0.86015625 0.0140625 0.021875
0 0.76640625 0.0796875 0.0890625 0.109375