0 0.86875 0.49609375 0.1484375 0.1640625
0 0.68125 0.53515625 0.1015625 0.078125
0 0.46875 0.1109375 0.046875 0.05078125
0 0.64296875 0.13671875 0.2390625 0.1640625
0 0.06484375 0.9453125 0.0984375 0.1
0 0.30390625 0.88984375 0.1078125 0.0953125
0 0.1484375 0.28828125 0.296875 0.19140625
0 0.790625 0.5453125 0.0546875 0.103125
0 0.63984375 0.4671875 0.046875 0.07421875
0 0.1984375 0.753125 0.0578125 0.078125
0 0.2921875 0.76171875 0.1390625 0.14453125
0 0.97109375 0.58515625 0.0578125 0.13125
0 0.42578125 0.15546875 0.040625 0.0328125
0 0.321875 0.96484375 0.0984375 0.0703125
0 0.74140625 0.46875 0.109375 0.05078125
0 0.83203125 0.17578125 0.1484375 0.1578125
0 0.49921875 0.815625 0.2359375 0.14453125
0 0.8140625 0.36875 0.05 0.0703125
0 0.94765625 0.15 0.0875 0.11328125
0 0.96640625 0.334375 0.0671875 0.1328125
0 0.36328125 0.72734375 0.025 0.0484375
0 0.34765625 0.440625 0.03125 0.025
0 0.0484375 0.1 0.0109375 0.0171875
0 0.10703125 0.12578125 0.0265625 0.02734375
0 0.2296875 0.09375 0.13125 0.09765625
0 0.02265625 0.59296875 0.0453125 0.1328125
0 0.01796875 0.4203125 0.0359375 0.0640625
0 0.10390625 0.4984375 0.128125 0.23828125
0 0.1625 0.6375 0.215625 0.13671875
0 0.20234375 0.96875 0.1390625 0.0625
0 0.459375 0.91796875 0.128125 0.06640625