0 0.334375 0.93046875 0.0953125 0.1328125
0 0.63828125 0.12109375 0.234375 0.171875
0 0.47109375 0.09375 0.0453125 0.0484375
0 0.85859375 0.4671875 0.140625 0.15234375
0 0.2984375 0.709375 0.125 0.12890625
0 0.83046875 0.1625 0.15 0.140625
0 0.6359375 0.4390625 0.05 0.06640625
0 0.96015625 0.5546875 0.071875 0.134375
0 0.08203125 0.89140625 0.09375 0.09375
0 0.6765625 0.49921875 0.1 0.07421875
0 0.7828125 0.5140625 0.0546875 0.1
0 0.2171875 0.93359375 0.1328125 0.13125
0 0.42421875 0.1375 0.0328125 0.0296875
0 0.309375 0.8359375 0.1015625 0.103125
0 0.7390625 0.4390625 0.0921875 0.05078125
0 0.50390625 0.771875 0.2234375 0.1421875
0 0.8046875 0.34765625 0.05 0.05859375
0 0.1796875 0.5984375 0.2140625 0.125
0 0.21953125 0.07109375 0.134375 0.1078125
0 0.075 0.25625 0.15 0.15625
0 0.94375 0.15 0.0984375 0.1578125
0 0.021875 0.5921875 0.04375 0.05078125
0 0.1140625 0.49609375 0.1265625 0.08203125
0 0.93125 0.3765625 0.1296875 0.21484375
0 0.3625 0.42109375 0.0421875 0.0390625
0 0.01640625 0.96796875 0.0328125 0.0640625
0 0.96796875 0.2484375 0.0640625 0.0703125
0 0.01796875 0.50625 0.0359375 0.08203125
0 0.21015625 0.6984375 0.0640625 0.084375
0 0.228125 0.2640625 0.128125 0.1859375
0 0.05703125 0.08515625 0.0125 0.0328125
0 0.1203125 0.0921875 0.04375 0.06640625
0 0.08515625 0.409375 0.1703125 0.10546875
0 0.78671875 0.96640625 0.1609375 0.0671875
0 0.84921875 0.315625 0.0171875 0.0171875
0 0.45546875 0.884375 0.134375 0.09765625
0 0.440625 0.98203125 0.059375 0.0359375