0 0.271875 0.4390625 0.18125 0.19375
0 0.1140625 0.85546875 0.0765625 0.0765625
0 0.0796875 0.946875 0.1515625 0.10546875
0 0.22890625 0.07890625 0.3953125 0.1578125
0 0.20703125 0.940625 0.0546875 0.08203125
0 0.33359375 0.196875 0.1875 0.0953125
0 0.40859375 0.7828125 0.0390625 0.05078125
0 0.4 0.48046875 0.06875 0.078125
0 0.14921875 0.60078125 0.234375 0.18125
0 0.11796875 0.7375 0.1546875 0.1625
0 0.31640625 0.91171875 0.1546875 0.1765625
0 0.07734375 0.240625 0.1546875 0.16796875
0 0.4296875 0.35 0.1734375 0.16015625
0 0.00703125 0.43359375 0.0140625 0.1328125