0 0.44765625 0.6421875 0.1328125 0.109375
0 0.37109375 0.83125 0.190625 0.2328125
0 0.1359375 0.6953125 0.1046875 0.0859375
0 0.23359375 0.4875 0.1375 0.1265625
0 0.05 0.534375 0.1 0.1546875
0 0.6078125 0.65 0.0875 0.05859375
0 0.4875 0.22734375 0.1765625 0.0703125
0 0.6421875 0.125 0.228125 0.1625
0 0.60546875 0.2671875 0.065625 0.03515625
0 0.4140625 0.50625 0.1453125 0.103125
0 0.19453125 0.3890625 0.0828125 0.078125
0 0.26328125 0.17890625 0.0328125 0.0234375
0 0.97890625 0.7984375 0.0421875 0.06875
0 0.4859375 0.765625 0.0390625 0.0375
0 0.87578125 0.14375 0.0875 0.0765625
0 0.38359375 0.15625 0.178125 0.0609375
0 0.27578125 0.23125 0.0796875 0.053125
0 0.2984375 0.5890625 0.0703125 0.0765625
0 0.75390625 0.3484375 0.1234375 0.0625
0 0.075 0.24375 0.15 0.15
0 0.2203125 0.7515625 0.1046875 0.12890625
0 0.96640625 0.1953125 0.0671875 0.0921875
0 0.94921875 0.37109375 0.1015625 0.17578125
0 0.571875 0.74140625 0.028125 0.03515625
0 0.70859375 0.50859375 0.3359375 0.203125
0 0.45078125 0.346875 0.146875 0.09765625
0 0.7921875 0.1421875 0.0890625 0.071875
0 0.56796875 0.6921875 0.028125 0.02734375
0 0.06875 0.38125 0.1109375 0.084375
0 0.12421875 0.459375 0.0453125 0.0453125
0 0.128125 0.54296875 0.0609375 0.0921875
0 0.18671875 0.2984375 0.0359375 0.03125
0 0.30703125 0.3296875 0.1390625 0.125
0 0.2109375 0.23828125 0.0234375 0.03515625
0 0.65546875 0.32109375 0.0390625 0.03125
0 0.77890625 0.23125 0.2640625 0.1546875
0 0.8953125 0.45703125 0.15 0.1421875
0 0.82109375 0.98515625 0.0421875 0.0296875
0 0.88984375 0.059375 0.2203125 0.11875
0 0.7359375 0.02734375 0.0703125 0.0390625
0 0.47890625 0.1078125 0.1125 0.0703125