0 0.15546875 0.43046875 0.1578125 0.16796875
0 0.815625 0.76640625 0.1296875 0.0703125
0 0.45703125 0.22578125 0.0703125 0.078125
0 0.70078125 0.7640625 0.109375 0.1265625
0 0.90390625 0.5953125 0.0640625 0.08203125
0 0.40078125 0.2828125 0.0515625 0.04296875
0 0.18515625 0.221875 0.1046875 0.0875
0 0.75078125 0.2484375 0.4890625 0.2875
0 0.13125 0.13984375 0.1203125 0.0609375
0 0.9421875 0.7828125 0.115625 0.22265625
0 0.6421875 0.065625 0.04375 0.03125
0 0.96796875 0.546875 0.0640625 0.071875
0 0.8828125 0.9234375 0.059375 0.0859375
0 0.528125 0.0296875 0.075 0.05859375
0 0.1359375 0.5828125 0.1125 0.10546875
0 0.3140625 0.7515625 0.05 0.0546875
0 0.89296875 0.8421875 0.0515625 0.078125
0 0.76328125 0.878125 0.175 0.13671875
0 0.03125 0.2078125 0.0609375 0.1015625
0 0.021875 0.4359375 0.04375 0.0953125
0 0.03046875 0.8171875 0.0609375 0.2171875
0 0.153125 0.9859375 0.0375 0.02734375