0 0.88515625 0.54296875 0.15625 0.17578125
0 0.80390625 0.5875 0.0578125 0.11328125
0 0.8515625 0.17578125 0.1640625 0.1859375
0 0.6921875 0.575 0.1046875 0.09375
0 0.4703125 0.1234375 0.0484375 0.0484375
0 0.65234375 0.5140625 0.053125 0.06875
0 0.15234375 0.3203125 0.29375 0.209375
0 0.64375 0.1359375 0.2421875 0.1875
0 0.1890625 0.81875 0.0703125 0.09375
0 0.753125 0.509375 0.1109375 0.053125
0 0.425 0.1703125 0.04375 0.03515625
0 0.1375 0.69375 0.228125 0.146875
0 0.13828125 0.603125 0.2515625 0.3578125
0 0.98125 0.5984375 0.0375 0.05625
0 0.96640625 0.21171875 0.0671875 0.18359375
0 0.83046875 0.4 0.0546875 0.0703125
0 0.34765625 0.4890625 0.040625 0.0390625
0 0.28359375 0.96171875 0.1203125 0.0765625
0 0.48359375 0.8921875 0.2609375 0.19140625
0 0.04375 0.9859375 0.0859375 0.02734375
0 0.146875 0.109375 0.2734375 0.1328125
0 0.9390625 0.4140625 0.121875 0.21875
0 0.2953125 0.834375 0.1484375 0.16015625