0 0.0609375 0.42109375 0.121875 0.1734375
0 0.33828125 0.0765625 0.2796875 0.15234375
0 0.42578125 0.240625 0.0921875 0.09765625
0 0.7109375 0.0328125 0.090625 0.065625
0 0.37890625 0.4984375 0.1921875 0.203125
0 0.17265625 0.74296875 0.1625 0.1328125
0 0.03984375 0.56640625 0.0796875 0.1328125
0 0.165625 0.22265625 0.271875 0.2046875
0 0.15703125 0.890625 0.065625 0.09765625
0 0.3015625 0.6890625 0.0453125 0.0859375
0 0.56875 0.44921875 0.153125 0.1953125
0 0.2453125 0.6578125 0.078125 0.11875
0 0.01640625 0.77265625 0.0328125 0.0921875
0 0.07734375 0.0609375 0.1546875 0.12109375
0 0.5 0.5765625 0.075 0.0921875
0 0.51640625 0.1484375 0.10625 0.296875
0 0.228125 0.8453125 0.0609375 0.05859375
0 0.60703125 0.0296875 0.0796875 0.05859375
0 0.00625 0.21953125 0.0125 0.0640625
0 0.2 0.5921875 0.1640625 0.1390625
0 0.11953125 0.96796875 0.1171875 0.0640625
0 0.2453125 0.98515625 0.034375 0.0296875
0 0.33984375 0.953125 0.1390625 0.09375
0 0.46796875 0.8875 0.0390625 0.0609375