0 0.19765625 0.0515625 0.1046875 0.103125
0 0.31640625 0.1453125 0.1640625 0.16015625
0 0.4328125 0.3484375 0.0578125 0.0765625
0 0.334375 0.86875 0.1609375 0.08984375
0 0.31796875 0.71015625 0.153125 0.1328125
0 0.1390625 0.1578125 0.1421875 0.13125
0 0.22421875 0.95859375 0.1421875 0.0828125
0 0.09609375 0.9203125 0.078125 0.0875
0 0.53046875 0.93125 0.0671875 0.10546875
0 0.4078125 0.58984375 0.0703125 0.0796875
0 0.1796875 0.86015625 0.0546875 0.0765625
0 0.41015625 0.6546875 0.0171875 0.025
0 0.11484375 0.3171875 0.1359375 0.0640625
0 0.3859375 0.959375 0.1375 0.078125
0 0.065625 0.44375 0.1125 0.11875
0 0.0140625 0.0171875 0.028125 0.034375
0 0.06640625 0.0515625 0.040625 0.046875
0 0.140625 0.25625 0.1078125 0.06875
0 0.03671875 0.6046875 0.0734375 0.15