0 0.45234375 0.81171875 0.2328125 0.12890625
0 0.80625 0.45703125 0.1484375 0.0921875
0 0.49609375 0.671875 0.2796875 0.1625
0 0.77421875 0.9453125 0.11875 0.0953125
0 0.62109375 0.9 0.103125 0.12109375
0 0.6171875 0.1921875 0.4390625 0.28125
0 0.58125 0.446875 0.1875 0.23046875
0 0.82109375 0.6359375 0.06875 0.05625
0 0.94375 0.71171875 0.1046875 0.11328125
0 0.92421875 0.9390625 0.05625 0.11328125
0 0.73359375 0.86640625 0.046875 0.040625
0 0.83515625 0.7671875 0.08125 0.0640625
0 0.3734375 0.975 0.05625 0.046875
0 0.73359375 0.5609375 0.0828125 0.07421875
0 0.8921875 0.5453125 0.10625 0.1
0 0.98203125 0.928125 0.0359375 0.13671875
0 0.83828125 0.35 0.3234375 0.16015625
0 0.915625 0.1859375 0.1203125 0.08984375
0 0.96953125 0.56328125 0.0609375 0.09765625
0 0.715625 0.740625 0.1625 0.1015625
0 0.66171875 0.6265625 0.0421875 0.0484375
0 0.6734375 0.578125 0.034375 0.03515625
0 0.7828125 0.81953125 0.034375 0.03515625
0 0.87578125 0.98828125 0.103125 0.0234375