0 0.36640625 0.58984375 0.19375 0.234375
0 0.0859375 0.0515625 0.1671875 0.103125
0 0.1171875 0.79609375 0.234375 0.16015625
0 0.47734375 0.8390625 0.1625 0.22265625
0 0.109375 0.3953125 0.21875 0.2328125
0 0.27109375 0.45703125 0.10625 0.140625
0 0.3609375 0.35234375 0.125 0.15
0 0.08046875 0.5734375 0.1265625 0.1171875
0 0.03984375 0.934375 0.0796875 0.11875
0 0.1234375 0.246875 0.0390625 0.04296875
0 0.17578125 0.6453125 0.125 0.11328125
0 0.353125 0.865625 0.0859375 0.1109375
0 0.27421875 0.8078125 0.078125 0.0875
0 0.35703125 0.4609375 0.046875 0.025
0 0.021875 0.2484375 0.04375 0.0796875
0 0.09921875 0.675 0.0546875 0.08984375
0 0.209375 0.9375 0.2484375 0.125
0 0.0453125 0.12109375 0.090625 0.0453125
0 0.0140625 0.16328125 0.028125 0.02734375
0 0.2546875 0.16484375 0.05625 0.084375
0 0.425 0.9625 0.0328125 0.0484375
0 0.2265625 0.5453125 0.046875 0.071875