0 0.12421875 0.2890625 0.0703125 0.11875
0 0.34296875 0.5703125 0.2578125 0.3375
0 0.578125 0.6859375 0.240625 0.2671875
0 0.32109375 0.353125 0.171875 0.1078125
0 0.24140625 0.084375 0.2515625 0.16796875
0 0.53125 0.271875 0.23125 0.30625
0 0.1828125 0.49296875 0.0625 0.08203125
0 0.09453125 0.8734375 0.08125 0.1015625
0 0.04921875 0.74375 0.0984375 0.12890625
0 0.0984375 0.61328125 0.196875 0.203125
0 0.40625 0.03203125 0.078125 0.0640625
0 0.57265625 0.0765625 0.0421875 0.046875
0 0.3 0.79296875 0.1546875 0.09375
0 0.2640625 0.26953125 0.1078125 0.11875
0 0.071875 0.1734375 0.04375 0.0546875
0 0.0671875 0.4125 0.134375 0.19921875
0 0.06015625 0.94921875 0.015625 0.02734375
0 0.140625 0.96953125 0.0203125 0.0296875
0 0.1703125 0.41328125 0.03125 0.046875
0 0.47734375 0.92109375 0.2859375 0.1578125
0 0.58203125 0.4984375 0.0765625 0.0640625