0 0.4296875 0.6078125 0.115625 0.1640625
0 0.64140625 0.4125 0.16875 0.071875
0 0.696875 0.2515625 0.1171875 0.0625
0 0.5546875 0.19609375 0.11875 0.07421875
0 0.0390625 0.6 0.078125 0.12890625
0 0.34453125 0.7890625 0.1015625 0.09375
0 0.6109375 0.06328125 0.059375 0.0375
0 0.85234375 0.134375 0.053125 0.0390625
0 0.9703125 0.3703125 0.059375 0.08984375
0 0.69140625 0.60546875 0.315625 0.2421875
0 0.35546875 0.70625 0.021875 0.025
0 0.75625 0.8421875 0.40625 0.23046875
0 0.01640625 0.4234375 0.0328125 0.05859375
0 0.10390625 0.4515625 0.0234375 0.025
0 0.9203125 0.59375 0.159375 0.27734375
0 0.9765625 0.79375 0.046875 0.109375