0 0.35078125 0.6828125 0.1484375 0.12890625
0 0.25234375 0.56328125 0.103125 0.165625
0 0.11796875 0.91484375 0.096875 0.10546875
0 0.44921875 0.85546875 0.0625 0.08203125
0 0.08984375 0.5015625 0.1796875 0.1875
0 0.3921875 0.4546875 0.2109375 0.10546875
0 0.1921875 0.73515625 0.1359375 0.19140625
0 0.12890625 0.5921875 0.0390625 0.040625
0 0.2015625 0.36875 0.09375 0.078125
0 0.4921875 0.22578125 0.109375 0.1328125
0 0.38984375 0.1609375 0.0625 0.05859375
0 0.26640625 0.19921875 0.5265625 0.3984375
0 0.01796875 0.7171875 0.0359375 0.06640625