0 0.2375 0.728125 0.128125 0.103125
0 0.4390625 0.19375 0.0578125 0.06640625
0 0.19140625 0.86640625 0.1203125 0.18359375
0 0.52734375 0.69375 0.06875 0.09375
0 0.2984375 0.91484375 0.0796875 0.0859375
0 0.325 0.04296875 0.1453125 0.0859375
0 0.296875 0.49609375 0.090625 0.12109375
0 0.0625 0.75 0.125 0.1859375
0 0.09453125 0.275 0.1046875 0.1078125
0 0.32109375 0.6375 0.125 0.0953125
0 0.40703125 0.39375 0.0609375 0.071875
0 0.3859375 0.49921875 0.06875 0.1171875
0 0.55390625 0.78125 0.0421875 0.040625
0 0.04765625 0.428125 0.0953125 0.140625
0 0.415625 0.82421875 0.125 0.08984375
0 0.04453125 0.96484375 0.0515625 0.0703125
0 0.18828125 0.6453125 0.04375 0.053125
0 0.15 0.12890625 0.1046875 0.12890625
0 0.18828125 0.0328125 0.0953125 0.065625
0 0.37265625 0.7328125 0.1 0.0921875