0 0.3765625 0.6265625 0.215625 0.103125
0 0.34140625 0.8609375 0.15 0.146875
0 0.24140625 0.7328125 0.1015625 0.1625
0 0.19375 0.49921875 0.128125 0.171875
0 0.0859375 0.68125 0.171875 0.19921875
0 0.3546875 0.49375 0.2171875 0.1484375
0 0.421875 0.771875 0.015625 0.021875
0 0.10703125 0.3578125 0.0984375 0.10546875
0 0.109375 0.08515625 0.21875 0.165625
0 0.06171875 0.49140625 0.11875 0.1703125
0 0.1546875 0.9625 0.1375 0.07421875
0 0.178125 0.865625 0.13125 0.1171875
0 0.103125 0.240625 0.20625 0.12109375
0 0.37890625 0.27421875 0.3203125 0.36328125
0 0.0078125 0.88359375 0.015625 0.03515625