0 0.28203125 0.2296875 0.1734375 0.16796875
0 0.08203125 0.0734375 0.1640625 0.146875
0 0.0875 0.7015625 0.1640625 0.20703125
0 0.43828125 0.146875 0.1359375 0.125
0 0.0625 0.92578125 0.125 0.103125
0 0.40234375 0.2625 0.0640625 0.09375
0 0.33046875 0.0328125 0.2078125 0.065625
0 0.1359375 0.55625 0.071875 0.078125
0 0.13515625 0.4546875 0.1390625 0.10546875
0 0.31953125 0.7015625 0.14375 0.203125
0 0.028125 0.284375 0.05625 0.2515625
0 0.22265625 0.65703125 0.0625 0.08203125
0 0.17578125 0.3484375 0.19375 0.14453125
0 0.08671875 0.83984375 0.1390625 0.0859375