0 0.45234375 0.809375 0.2265625 0.12109375
0 0.80625 0.4609375 0.153125 0.1015625
0 0.49296875 0.6671875 0.2734375 0.171875
0 0.62578125 0.89921875 0.10625 0.10546875
0 0.6234375 0.2015625 0.453125 0.2796875
0 0.77109375 0.94375 0.109375 0.0921875
0 0.57578125 0.44609375 0.2046875 0.2015625
0 0.9234375 0.9328125 0.05625 0.1
0 0.9484375 0.7109375 0.103125 0.11328125
0 0.828125 0.63671875 0.0828125 0.05625
0 0.92109375 0.55859375 0.1578125 0.13671875
0 0.83359375 0.765625 0.0828125 0.06640625
0 0.73515625 0.86640625 0.040625 0.040625
0 0.3734375 0.975 0.0515625 0.046875
0 0.91953125 0.3609375 0.1609375 0.15
0 0.78515625 0.8203125 0.0359375 0.03125
0 0.896875 0.209375 0.09375 0.0625
0 0.76484375 0.3640625 0.1734375 0.0921875
0 0.70234375 0.59765625 0.134375 0.1421875
0 0.71015625 0.73828125 0.1609375 0.109375
0 0.8671875 0.98984375 0.0875 0.0203125
0 0.99140625 0.88671875 0.0171875 0.05078125
0 0.93984375 0.15546875 0.0859375 0.0390625