0 0.88125 0.2328125 0.1765625 0.22265625
0 0.73515625 0.71796875 0.1421875 0.1171875
0 0.4640625 0.17265625 0.0578125 0.06640625
0 0.85 0.7390625 0.0640625 0.1390625
0 0.7890625 0.63125 0.115625 0.0640625
0 0.65625 0.19375 0.2671875 0.2125
0 0.25546875 0.9546875 0.1640625 0.084375
0 0.40703125 0.228125 0.034375 0.0390625
0 0.86875 0.4984375 0.059375 0.08203125
0 0.6703125 0.64140625 0.0578125 0.0859375
0 0.92578125 0.65625 0.1453125 0.203125
0 0.5265625 0.0203125 0.0640625 0.040625
0 0.06796875 0.9078125 0.1265625 0.103125
0 0.328125 0.61015625 0.0328125 0.0328125
0 0.1328125 0.9875 0.040625 0.025
0 0.984375 0.2234375 0.03125 0.2203125
0 0.06328125 0.16875 0.06875 0.08203125
0 0.1578125 0.1078125 0.1109375 0.0484375
0 0.209375 0.178125 0.0921875 0.07421875
0 0.0421875 0.4125 0.0734375 0.15
0 0.178125 0.3578125 0.140625 0.1421875
0 0.1640625 0.4859375 0.0890625 0.08203125
0 0.05 0.6734375 0.1 0.1875
0 0.171875 0.853125 0.0921875 0.06875
0 0.9546875 0.4875 0.090625 0.1234375