0 0.7171875 0.83984375 0.1203125 0.14453125
0 0.9234375 0.66796875 0.0546875 0.0625
0 0.953125 0.84453125 0.09375 0.2171875
0 0.84453125 0.8421875 0.1359375 0.078125
0 0.81953125 0.95703125 0.2609375 0.0859375
0 0.97890625 0.59453125 0.0421875 0.08203125
0 0.30546875 0.83671875 0.0609375 0.05859375
0 0.01484375 0.91328125 0.0296875 0.146875
0 0.02265625 0.2328125 0.04375 0.0859375
0 0.11796875 0.159375 0.1125 0.07421875
0 0.16953125 0.24375 0.1 0.0703125
0 0.009375 0.48046875 0.01875 0.05078125
0 0.03125 0.390625 0.0203125 0.025
0 0.1359375 0.478125 0.1625 0.1875
0 0.10546875 0.6421875 0.0984375 0.1078125
0 0.2328125 0.178125 0.0203125 0.015625
0 0.40234375 0.31171875 0.0640625 0.05078125
0 0.453125 0.2484375 0.0765625 0.0921875
0 0.52734375 0.05390625 0.0734375 0.0375
0 0.76953125 0.01953125 0.01875 0.0171875
0 0.64609375 0.0765625 0.0453125 0.025
0 0.75625 0.27734375 0.4875 0.3203125