0 0.48046875 0.5796875 0.209375 0.1078125
0 0.415625 0.3109375 0.2015625 0.20703125
0 0.26875 0.46015625 0.1671875 0.1
0 0.8390625 0.6875 0.1890625 0.1546875
0 0.67890625 0.59296875 0.1875 0.165625
0 0.178125 0.35234375 0.1046875 0.0921875
0 0.1359375 0.884375 0.184375 0.23046875
0 0.74921875 0.43125 0.1796875 0.19375
0 0.94765625 0.775 0.1046875 0.18359375
0 0.21875 0.2828125 0.08125 0.0921875
0 0.2640625 0.93046875 0.075 0.0765625
0 0.559375 0.275 0.0625 0.0703125
0 0.659375 0.2359375 0.1375 0.046875
0 0.1421875 0.221875 0.06875 0.06875
0 0.6359375 0.35078125 0.125 0.11328125
0 0.69296875 0.95625 0.0859375 0.078125
0 0.25078125 0.8609375 0.05625 0.06640625
0 0.9390625 0.2671875 0.1125 0.0859375
0 0.5765625 0.465625 0.1640625 0.12109375
0 0.03203125 0.29765625 0.0640625 0.071875
0 0.9828125 0.44375 0.034375 0.078125
0 0.85703125 0.3046875 0.0828125 0.07421875
0 0.01875 0.91953125 0.0375 0.1609375
0 0.87265625 0.3671875 0.025 0.03125
0 0.92109375 0.4046875 0.0296875 0.0296875
0 0.01640625 0.4109375 0.0328125 0.05078125
0 0.9890625 0.55859375 0.021875 0.046875