0 0.7625 0.6671875 0.1453125 0.13671875
0 0.4453125 0.6390625 0.0921875 0.0859375
0 0.4109375 0.46171875 0.153125 0.15625
0 0.8609375 0.259375 0.1859375 0.07421875
0 0.1140625 0.2 0.075 0.0484375
0 0.43828125 0.334375 0.1234375 0.0859375
0 0.64296875 0.8328125 0.1828125 0.25390625
0 0.26328125 0.20703125 0.0640625 0.053125
0 0.58125 0.4671875 0.125 0.12109375
0 0.86875 0.8 0.0359375 0.046875
0 0.6125 0.57109375 0.0625 0.071875
0 0.62578125 0.2203125 0.125 0.0546875
0 0.265625 0.446875 0.15 0.1265625
0 0.38125 0.275 0.0578125 0.04296875
0 0.96875 0.3234375 0.0625 0.040625
0 0.528125 0.71796875 0.1109375 0.0953125
0 0.928125 0.1609375 0.1359375 0.115625
0 0.053125 0.225 0.03125 0.01953125
0 0.93203125 0.5953125 0.134375 0.15234375
0 0.47734375 0.4078125 0.05625 0.0484375
0 0.77578125 0.7921875 0.0515625 0.05078125
0 0.55546875 0.3609375 0.096875 0.09375
0 0.121875 0.38359375 0.24375 0.240625
0 0.0203125 0.2515625 0.0390625 0.03125
0 0.43671875 0.18125 0.2078125 0.125
0 0.18359375 0.6375 0.065625 0.0375
0 0.7609375 0.16015625 0.140625 0.06640625
0 0.71171875 0.3375 0.3609375 0.1703125
0 0.7640625 0.5140625 0.1375 0.10546875
0 0.93515625 0.49140625 0.034375 0.025
0 0.921875 0.7109375 0.0703125 0.0703125
0 0.64765625 0.1671875 0.0265625 0.01953125
0 0.896875 0.3296875 0.0296875 0.01953125