0 0.20703125 0.36015625 0.1171875 0.115625
0 0.3515625 0.6890625 0.15 0.12890625
0 0.0859375 0.0875 0.16875 0.1015625
0 0.25546875 0.565625 0.0984375 0.16015625
0 0.11171875 0.928125 0.10625 0.1109375
0 0.09453125 0.515625 0.1890625 0.19921875
0 0.1 0.28125 0.1796875 0.09375
0 0.06796875 0.3734375 0.0953125 0.08203125
0 0.3890625 0.45625 0.21875 0.11875
0 0.44765625 0.86328125 0.0578125 0.0703125
0 0.1953125 0.7359375 0.1359375 0.21484375
0 0.08671875 0.18828125 0.1734375 0.1015625
0 0.38671875 0.03828125 0.1421875 0.0765625
0 0.296875 0.29375 0.090625 0.08984375
0 0.23984375 0.0703125 0.1484375 0.140625
0 0.27265625 0.19609375 0.1375 0.09765625
0 0.45078125 0.178125 0.1984375 0.2109375
0 0.41171875 0.32734375 0.1203125 0.11875
0 0.35 0.365625 0.0546875 0.0328125
0 0.015625 0.725 0.03125 0.0625
0 0.4359375 0.603125 0.01875 0.021875