0 0.2953125 0.559375 0.3515625 0.3203125
0 0.04375 0.478125 0.0875 0.115625
0 0.45859375 0.7984375 0.121875 0.1578125
0 0.10546875 0.09453125 0.2109375 0.1890625
0 0.053125 0.325 0.10625 0.165625
0 0.10859375 0.22734375 0.0609375 0.07421875
0 0.3375 0.91328125 0.1078125 0.1734375
0 0.19921875 0.9375 0.0796875 0.125
0 0.34140625 0.77265625 0.0734375 0.10546875
0 0.0203125 0.94453125 0.040625 0.1
0 0.27890625 0.228125 0.0546875 0.046875
0 0.2625 0.8015625 0.028125 0.0546875
0 0.225 0.8453125 0.0703125 0.05078125
0 0.1109375 0.91328125 0.1015625 0.1
0 0.1796875 0.75625 0.015625 0.0296875
0 0.01875 0.846875 0.0375 0.05859375