0 0.340625 0.7046875 0.1015625 0.084375
0 0.13359375 0.6109375 0.1 0.15234375
0 0.23984375 0.4140625 0.246875 0.19140625
0 0.04609375 0.18125 0.0921875 0.10546875
0 0.3109375 0.0890625 0.33125 0.178125
0 0.0640625 0.5140625 0.06875 0.0640625
0 0.32890625 0.88984375 0.253125 0.2203125
0 0.5703125 0.946875 0.23125 0.103125
0 0.06796875 0.74375 0.1359375 0.1875
0 0.53203125 0.2828125 0.0390625 0.0390625
0 0.0734375 0.08203125 0.0953125 0.08984375
0 0.40703125 0.37578125 0.0859375 0.0796875
0 0.096875 0.9125 0.19375 0.1640625
0 0.525 0.6265625 0.23125 0.3203125
0 0.178125 0.8 0.0546875 0.13671875
0 0.515625 0.2296875 0.0171875 0.046875
0 0.2609375 0.24375 0.071875 0.06640625
0 0.38046875 0.2953125 0.028125 0.0375
0 0.0109375 0.33984375 0.021875 0.0546875
0 0.26484375 0.603125 0.1265625 0.09765625
0 0.26328125 0.715625 0.08125 0.13671875