0 0.06875 0.4546875 0.1375 0.1859375
0 0.04375 0.60546875 0.0859375 0.125
0 0.0515625 0.09453125 0.103125 0.1890625
0 0.4546875 0.3 0.1171875 0.10546875
0 0.72734375 0.0640625 0.1453125 0.128125
0 0.01796875 0.828125 0.0359375 0.09765625
0 0.56484375 0.2953125 0.08125 0.10546875
0 0.153125 0.9421875 0.0625 0.0625
0 0.31875 0.75625 0.0453125 0.08203125
0 0.49609375 0.5578125 0.3890625 0.259375
0 0.25625 0.71953125 0.0953125 0.10546875
0 0.56640625 0.18046875 0.10625 0.11328125
0 0.19375 0.64453125 0.1328125 0.125
0 0.01875 0.26171875 0.0375 0.1171875
0 0.4796875 0.9703125 0.0265625 0.03125
0 0.41640625 0.1 0.4703125 0.19921875
0 0.19453125 0.28125 0.2640625 0.1640625
0 0.14921875 0.11015625 0.0421875 0.0484375
0 0.64765625 0.315625 0.1328125 0.15234375
0 0.17421875 0.85078125 0.1796875 0.1796875
0 0.53359375 0.7109375 0.025 0.0234375