0 0.0796875 0.29375 0.159375 0.178125
0 0.23515625 0.31875 0.134375 0.19140625
0 0.84921875 0.509375 0.1234375 0.1421875
0 0.1125 0.4890625 0.13125 0.1796875
0 0.48671875 0.83203125 0.2359375 0.19140625
0 0.07890625 0.9359375 0.0875 0.1015625
0 0.709375 0.196875 0.3640625 0.16796875
0 0.30625 0.75078125 0.153125 0.15
0 0.171875 0.64921875 0.2140625 0.12109375
0 0.959375 0.5953125 0.0734375 0.12890625
0 0.30546875 0.8828125 0.1046875 0.10546875
0 0.4234375 0.18125 0.034375 0.03125
0 0.67265625 0.54765625 0.0953125 0.071875
0 0.20546875 0.75078125 0.0609375 0.078125
0 0.634375 0.48359375 0.0515625 0.07421875
0 0.328125 0.9578125 0.109375 0.084375
0 0.7984375 0.3921875 0.0421875 0.0484375
0 0.47265625 0.13671875 0.0421875 0.040625
0 0.9 0.36015625 0.1390625 0.0875
0 0.20625 0.9515625 0.1453125 0.0921875
0 0.61953125 0.03203125 0.0390625 0.0234375
0 0.73828125 0.484375 0.084375 0.05078125
0 0.9109375 0.43125 0.0828125 0.0453125
0 0.778125 0.5578125 0.053125 0.1015625
0 0.97421875 0.45234375 0.0515625 0.115625
0 0.53046875 0.015625 0.0546875 0.03125
0 0.246875 0.1421875 0.0859375 0.0609375
0 0.946875 0.209375 0.10625 0.19140625
0 0.35234375 0.46015625 0.0328125 0.040625
0 0.01796875 0.5609375 0.0359375 0.05859375
0 0.08359375 0.60234375 0.0671875 0.0546875
0 0.01640625 0.9859375 0.0328125 0.02734375
0 0.0265625 0.42890625 0.053125 0.05859375
0 0.0578125 0.1234375 0.0140625 0.02734375
0 0.13515625 0.115625 0.0828125 0.1078125
0 0.2140625 0.08671875 0.059375 0.03125