0 0.24375 0.71015625 0.115625 0.103125
0 0.1609375 0.11796875 0.10625 0.11875
0 0.19375 0.8578125 0.1203125 0.18359375
0 0.3234375 0.61875 0.121875 0.09765625
0 0.33125 0.0390625 0.140625 0.078125
0 0.29921875 0.48515625 0.075 0.10546875
0 0.06953125 0.7359375 0.1390625 0.1859375
0 0.40625 0.3875 0.0671875 0.0609375
0 0.29921875 0.896875 0.0796875 0.1078125
0 0.09765625 0.265625 0.10625 0.10546875
0 0.52109375 0.68125 0.05 0.0796875
0 0.43828125 0.184375 0.0515625 0.0609375
0 0.1796875 0.0328125 0.109375 0.065625
0 0.43984375 0.80546875 0.065625 0.08984375
0 0.0515625 0.9546875 0.0625 0.08984375
0 0.04921875 0.415625 0.0984375 0.15234375
0 0.38515625 0.48515625 0.06875 0.12890625
0 0.1953125 0.6265625 0.05 0.0546875
0 0.3734375 0.74921875 0.0953125 0.125
0 0.5546875 0.7640625 0.03125 0.0328125
0 0.1609375 0.98359375 0.0296875 0.03125