0 0.15703125 0.653125 0.2953125 0.1578125
0 0.34296875 0.7 0.0796875 0.15234375
0 0.1578125 0.5078125 0.1765625 0.146875
0 0.30390625 0.0984375 0.0921875 0.040625
0 0.3578125 0.5140625 0.0671875 0.07421875
0 0.3875 0.5703125 0.046875 0.040625
0 0.39453125 0.43828125 0.05625 0.0625
0 0.053125 0.7890625 0.10625 0.0859375
0 0.1828125 0.2140625 0.365625 0.13671875
0 0.053125 0.4640625 0.10625 0.0609375
0 0.42109375 0.2203125 0.1140625 0.078125
0 0.15859375 0.3578125 0.3125 0.14453125
0 0.33984375 0.4140625 0.053125 0.0953125
0 0.4046875 0.34453125 0.0734375 0.084375
0 0.20625 0.9 0.34375 0.19921875