0 0.07109375 0.47578125 0.1375 0.16015625
0 0.403125 0.36328125 0.25625 0.19921875
0 0.4484375 0.6265625 0.115625 0.209375
0 0.05546875 0.6796875 0.065625 0.08984375
0 0.35078125 0.5828125 0.06875 0.084375
0 0.38984375 0.7796875 0.0984375 0.0875
0 0.16953125 0.821875 0.071875 0.125
0 0.44453125 0.2203125 0.0703125 0.09765625
0 0.52890625 0.56875 0.0546875 0.08984375
0 0.27890625 0.515625 0.0921875 0.11328125
0 0.0265625 0.296875 0.053125 0.1890625
0 0.5421875 0.7578125 0.0546875 0.0703125
0 0.1984375 0.321875 0.14375 0.1421875
0 0.06171875 0.0828125 0.1234375 0.165625
0 0.21171875 0.21953125 0.090625 0.0625
0 0.05078125 0.58671875 0.0375 0.03515625
0 0.09609375 0.3421875 0.0734375 0.1
0 0.2890625 0.865625 0.0796875 0.0625
0 0.3265625 0.0984375 0.1875 0.196875
0 0.19921875 0.53046875 0.065625 0.0859375
0 0.2171875 0.87109375 0.04375 0.0546875
0 0.13046875 0.209375 0.090625 0.1421875
0 0.521875 0.9375 0.0625 0.05625
0 0.1734375 0.0453125 0.1296875 0.0875
0 0.20546875 0.434375 0.0984375 0.08984375
0 0.0671875 0.80625 0.134375 0.165625
0 0.27265625 0.9546875 0.1046875 0.08984375
0 0.428125 0.965625 0.0640625 0.06875
0 0.52109375 0.9875 0.0765625 0.025
0 0.39453125 0.4796875 0.0265625 0.02734375
0 0.47421875 0.8 0.0140625 0.0296875
0 0.01328125 0.9703125 0.0265625 0.0390625