0 0.04609375 0.25078125 0.0875 0.08203125
0 0.35703125 0.24296875 0.5109375 0.1890625
0 0.07890625 0.3921875 0.1453125 0.18125
0 0.22265625 0.3890625 0.1765625 0.0765625
0 0.0609375 0.5953125 0.121875 0.21875
0 0.40390625 0.39140625 0.084375 0.0640625
0 0.52890625 0.4390625 0.0734375 0.07421875
0 0.28515625 0.49375 0.1671875 0.13671875
0 0.2796875 0.64453125 0.2796875 0.1421875
0 0.48515625 0.50703125 0.0640625 0.0765625
0 0.46015625 0.684375 0.078125 0.16796875
0 0.0578125 0.94296875 0.115625 0.1140625
0 0.21640625 0.81875 0.24375 0.1890625
0 0.065625 0.81875 0.03125 0.04296875
0 0.33828125 0.94453125 0.315625 0.1109375
0 0.3828125 0.83515625 0.11875 0.12890625
0 0.51015625 0.575 0.0484375 0.04296875
0 0.06953125 0.0625 0.04375 0.0390625
0 0.4484375 0.103125 0.0984375 0.06875