0 0.45078125 0.8109375 0.21875 0.1234375
0 0.490625 0.665625 0.275 0.171875
0 0.6046875 0.2015625 0.3984375 0.28515625
0 0.80234375 0.4671875 0.159375 0.1078125
0 0.775 0.9421875 0.1171875 0.09765625
0 0.57578125 0.45390625 0.19375 0.2125
0 0.62421875 0.8984375 0.1140625 0.12109375
0 0.73515625 0.86640625 0.040625 0.0390625
0 0.82109375 0.6359375 0.0703125 0.05859375
0 0.92734375 0.934375 0.053125 0.09375
0 0.97734375 0.92890625 0.0421875 0.1421875
0 0.37421875 0.9734375 0.0578125 0.046875
0 0.95 0.709375 0.1 0.1078125
0 0.84296875 0.35546875 0.3140625 0.15234375
0 0.89375 0.19375 0.171875 0.115625
0 0.91640625 0.565625 0.1671875 0.15
0 0.6953125 0.60625 0.13125 0.12890625
0 0.753125 0.7640625 0.2421875 0.15
0 0.86640625 0.98359375 0.1 0.0328125