0 0.43125 0.21171875 0.190625 0.12890625
0 0.91875 0.7828125 0.1125 0.10546875
0 0.31171875 0.3328125 0.0984375 0.0703125
0 0.63515625 0.35 0.265625 0.265625
0 0.21953125 0.62890625 0.2265625 0.1640625
0 0.90625 0.5640625 0.1859375 0.19140625
0 0.94921875 0.4203125 0.1015625 0.0921875
0 0.22265625 0.21796875 0.140625 0.16015625
0 0.64765625 0.6671875 0.059375 0.05625
0 0.0546875 0.6671875 0.109375 0.1734375
0 0.959375 0.9203125 0.08125 0.0703125
0 0.884375 0.18828125 0.09375 0.06640625
0 0.6609375 0.1671875 0.05 0.04296875
0 0.90859375 0.334375 0.0515625 0.05078125
0 0.97109375 0.25703125 0.0578125 0.146875
0 0.80546875 0.22578125 0.059375 0.0609375
0 0.5625 0.1890625 0.0796875 0.06875
0 0.0546875 0.259375 0.109375 0.2515625
0 0.46171875 0.4203125 0.1421875 0.06875
0 0.01484375 0.8140625 0.0296875 0.0703125
0 0.771875 0.48828125 0.1625 0.1
0 0.99140625 0.9859375 0.0171875 0.02734375