0 0.29921875 0.48359375 0.3375 0.303125
0 0.26796875 0.93671875 0.2390625 0.1265625
0 0.46640625 0.71953125 0.1 0.1640625
0 0.0484375 0.42109375 0.096875 0.1234375
0 0.21484375 0.83515625 0.084375 0.08984375
0 0.06484375 0.2765625 0.1296875 0.15234375
0 0.33671875 0.6859375 0.065625 0.10546875
0 0.1140625 0.0671875 0.225 0.134375
0 0.11796875 0.18125 0.065625 0.0796875
0 0.2703125 0.1765625 0.0765625 0.0640625
0 0.11484375 0.5875 0.0296875 0.071875
0 0.35078125 0.82890625 0.0734375 0.0875
0 0.22734375 0.76875 0.059375 0.046875
0 0.12734375 0.81328125 0.0828125 0.07421875
0 0.0203125 0.75625 0.040625 0.10546875
0 0.27265625 0.7140625 0.0234375 0.03515625
0 0.03671875 0.909375 0.0734375 0.18125
0 0.16484375 0.25390625 0.0828125 0.08984375
0 0.18671875 0.68046875 0.0171875 0.021875
0 0.27265625 0.66015625 0.0453125 0.046875