0 0.44921875 0.553125 0.403125 0.21875
0 0.7671875 0.8734375 0.1265625 0.103125
0 0.215625 0.84375 0.21875 0.18359375
0 0.703125 0.596875 0.140625 0.103125
0 0.7578125 0.4328125 0.121875 0.084375
0 0.44296875 0.709375 0.0828125 0.06640625
0 0.7203125 0.95390625 0.0984375 0.0859375
0 0.74765625 0.728125 0.2203125 0.1640625
0 0.65859375 0.44453125 0.0390625 0.046875
0 0.90859375 0.63125 0.096875 0.0796875
0 0.9625 0.5484375 0.075 0.11328125
0 0.6421875 0.890625 0.1265625 0.14453125
0 0.39140625 0.4234375 0.0578125 0.053125
0 0.5515625 0.7890625 0.08125 0.0859375
0 0.88671875 0.4046875 0.059375 0.03125
0 0.27578125 0.36015625 0.0359375 0.02734375
0 0.15859375 0.4484375 0.2125 0.1328125
0 0.46796875 0.38359375 0.078125 0.05078125
0 0.8890625 0.8328125 0.16875 0.21484375
0 0.5546875 0.896875 0.053125 0.15625
0 0.1015625 0.6390625 0.15 0.1078125