0 0.81171875 0.3640625 0.159375 0.1484375
0 0.784375 0.61328125 0.16875 0.3265625
0 0.90234375 0.53203125 0.034375 0.0765625
0 0.87109375 0.05 0.1421875 0.1
0 0.82734375 0.125 0.0546875 0.05078125
0 0.353125 0.259375 0.5125 0.51875
0 0.04765625 0.3046875 0.0953125 0.428125
0 0.4125 0.690625 0.4390625 0.3453125
0 0.29140625 0.88203125 0.0765625 0.04296875
0 0.5453125 0.95234375 0.1625 0.0953125
0 0.0671875 0.646875 0.134375 0.25625
0 0.01640625 0.80546875 0.0328125 0.0625
0 0.03515625 0.9375 0.0703125 0.125