0 0.15703125 0.709375 0.19375 0.23046875
0 0.0953125 0.8703125 0.11875 0.10546875
0 0.15625 0.3046875 0.1328125 0.06875
0 0.35546875 0.46171875 0.040625 0.05859375
0 0.4328125 0.46171875 0.05625 0.05859375
0 0.78828125 0.15546875 0.240625 0.2328125
0 0.96015625 0.64765625 0.0796875 0.7046875
0 0.684375 0.8140625 0.3453125 0.37109375
0 0.8890625 0.765625 0.0640625 0.16015625
0 0.77734375 0.4734375 0.196875 0.2203125
0 0.4140625 0.1 0.2890625 0.19921875
0 0.58828125 0.0328125 0.0578125 0.065625
0 0.1375 0.0453125 0.2171875 0.08984375
0 0.2375 0.1984375 0.0734375 0.12890625