0 0.17890625 0.1171875 0.3578125 0.234375
0 0.42734375 0.065625 0.1390625 0.13125
0 0.159375 0.56640625 0.159375 0.1265625
0 0.2875 0.440625 0.1203125 0.15
0 0.1984375 0.2875 0.0984375 0.08203125
0 0.12734375 0.4234375 0.046875 0.0546875
0 0.1953125 0.39453125 0.0375 0.0375
0 0.13046875 0.484375 0.0296875 0.03515625
0 0.98203125 0.490625 0.0359375 0.09375
0 0.67734375 0.59375 0.084375 0.0765625
0 0.63125 0.1796875 0.2390625 0.2515625
0 0.771875 0.34765625 0.1046875 0.20703125
0 0.671875 0.425 0.0953125 0.1078125
0 0.91171875 0.346875 0.1296875 0.19921875
0 0.803125 0.15234375 0.0609375 0.0640625