0 0.1109375 0.209375 0.221875 0.34765625
0 0.1671875 0.709375 0.13125 0.12109375
0 0.30078125 0.5625 0.0921875 0.0921875
0 0.30234375 0.14921875 0.1625 0.2984375
0 0.471875 0.0703125 0.1578125 0.103125
0 0.44609375 0.18671875 0.09375 0.0921875
0 0.63359375 0.32109375 0.240625 0.2109375
0 0.90859375 0.4703125 0.14375 0.203125
0 0.98359375 0.628125 0.0328125 0.0609375
0 0.671875 0.7328125 0.084375 0.05859375
0 0.65546875 0.55 0.090625 0.0875
0 0.77265625 0.53203125 0.1140625 0.2578125
0 0.98046875 0.05625 0.0390625 0.1125
0 0.740625 0.04609375 0.1328125 0.0921875
0 0.71796875 0.15 0.1640625 0.13671875
0 0.81171875 0.28125 0.046875 0.046875
0 0.02578125 0.484375 0.0296875 0.02734375
0 0.203125 0.4140625 0.0828125 0.0625