0 0.159375 0.91796875 0.2125 0.1640625
0 0.40546875 0.734375 0.13125 0.1
0 0.9578125 0.76953125 0.084375 0.4609375
0 0.7921875 0.4375 0.240625 0.25625
0 0.75703125 0.81015625 0.2015625 0.3796875
0 0.88671875 0.88203125 0.05625 0.2359375
0 0.58671875 0.9015625 0.140625 0.196875
0 0.16484375 0.5921875 0.1328125 0.084375
0 0.21015625 0.475 0.134375 0.109375
0 0.80703125 0.02734375 0.071875 0.0546875
0 0.90703125 0.02265625 0.0890625 0.0453125
0 0.140625 0.296875 0.2171875 0.19140625
0 0.3 0.2875 0.11875 0.2515625
0 0.41796875 0.421875 0.1640625 0.1328125
0 0.55 0.3328125 0.1703125 0.19375
0 0.6 0.0875 0.05 0.0484375
0 0.63984375 0.18125 0.13125 0.08203125
0 0.36953125 0.12890625 0.1921875 0.140625