0 0.89453125 0.3109375 0.19375 0.24375
0 0.7453125 0.36015625 0.0734375 0.1015625
0 0.8 0.80625 0.240625 0.271875
0 0.9046875 0.93515625 0.190625 0.1296875
0 0.7546875 0.98125 0.084375 0.0375
0 0.46796875 0.6421875 0.346875 0.4140625
0 0.178125 0.7703125 0.2515625 0.4046875
0 0.0140625 0.5125 0.028125 0.1796875
0 0.23671875 0.328125 0.0921875 0.16796875
0 0.371875 0.15546875 0.153125 0.1
0 0.184375 0.13203125 0.05625 0.046875
0 0.3578125 0.31953125 0.1234375 0.18359375
0 0.6953125 0.54296875 0.03125 0.0640625
0 0.01171875 0.93828125 0.0234375 0.1234375