0 0.58359375 0.88359375 0.16875 0.08984375
0 0.8796875 0.72734375 0.15625 0.178125
0 0.9265625 0.88984375 0.078125 0.071875
0 0.73671875 0.07421875 0.2515625 0.1484375
0 0.78203125 0.2375 0.175 0.12109375
0 0.65859375 0.440625 0.234375 0.24609375
0 0.8328125 0.490625 0.0375 0.053125
0 0.6875 0.67890625 0.2265625 0.17578125
0 0.525 0.521875 0.0390625 0.084375
0 0.540625 0.22734375 0.1703125 0.18359375
0 0.21875 0.21484375 0.4375 0.25390625
0 0.27421875 0.04296875 0.4375 0.0859375
0 0.1375 0.69609375 0.1875 0.10546875
0 0.2765625 0.5734375 0.115625 0.19375
0 0.215625 0.41015625 0.075 0.0625
0 0.11015625 0.5453125 0.184375 0.19375
0 0.5453125 0.7015625 0.0609375 0.078125