0 0.13203125 0.2984375 0.2640625 0.453125
0 0.3421875 0.2546875 0.1546875 0.3375
0 0.47109375 0.30625 0.103125 0.1953125
0 0.571875 0.25390625 0.1 0.0921875
0 0.70703125 0.08203125 0.1921875 0.1640625
0 0.746875 0.19140625 0.165625 0.0546875
0 0.80390625 0.32421875 0.121875 0.1390625
0 0.71015625 0.34765625 0.0625 0.0953125
0 0.42421875 0.0578125 0.1484375 0.10546875
0 0.17578125 0.71015625 0.2828125 0.334375
0 0.64140625 0.5359375 0.2234375 0.2515625
0 0.8078125 0.575 0.071875 0.07421875
0 0.65390625 0.77421875 0.3140625 0.18359375
0 0.88203125 0.80625 0.1421875 0.1859375
0 0.5703125 0.9609375 0.171875 0.078125
0 0.91640625 0.97421875 0.0734375 0.0515625