0 0.3484375 0.8703125 0.5796875 0.259375
0 0.8125 0.93046875 0.2359375 0.1390625
0 0.9 0.4984375 0.2 0.25
0 0.75625 0.55 0.0796875 0.115625
0 0.021875 0.6859375 0.04375 0.203125
0 0.2359375 0.49609375 0.0921875 0.10546875
0 0.37734375 0.6828125 0.2078125 0.1171875
0 0.615625 0.69140625 0.2015625 0.1328125
0 0.378125 0.34296875 0.1265625 0.09375
0 0.4078125 0.50625 0.05625 0.04296875
0 0.315625 0.46953125 0.0734375 0.09375
0 0.35546875 0.56953125 0.0765625 0.0375
0 0.184375 0.31953125 0.0578125 0.0453125
0 0.571875 0.540625 0.025 0.046875
0 0.47578125 0.5375 0.03125 0.0375