0 0.38203125 0.80859375 0.4875 0.3828125
0 0.065625 0.79296875 0.096875 0.2171875
0 0.01953125 0.60546875 0.0390625 0.19921875
0 0.8984375 0.4046875 0.203125 0.2328125
0 0.74921875 0.4546875 0.0765625 0.1390625
0 0.80078125 0.878125 0.2390625 0.24375
0 0.96015625 0.984375 0.0796875 0.03125
0 0.65859375 0.60078125 0.1109375 0.1328125
0 0.23125 0.42109375 0.0765625 0.14453125
0 0.37890625 0.24921875 0.14375 0.09375
0 0.3671875 0.5765625 0.1625 0.0796875
0 0.41796875 0.421875 0.025 0.0296875
0 0.56796875 0.45 0.025 0.0375
0 0.53046875 0.5546875 0.040625 0.0390625
0 0.3171875 0.371875 0.0796875 0.09765625
0 0.3578125 0.48125 0.0625 0.040625