0 0.97890625 0.51875 0.0421875 0.0796875
0 0.16953125 0.1296875 0.3390625 0.259375
0 0.41640625 0.0546875 0.153125 0.109375
0 0.3609375 0.14375 0.0421875 0.0640625
0 0.63203125 0.209375 0.25 0.228125
0 0.77109375 0.3703125 0.084375 0.19921875
0 0.90625 0.36640625 0.1296875 0.20703125
0 0.81171875 0.1796875 0.0546875 0.06875
0 0.7328125 0.0578125 0.1421875 0.0703125
0 0.68203125 0.61640625 0.0796875 0.05625
0 0.67109375 0.440625 0.0984375 0.078125
0 0.3015625 0.46796875 0.09375 0.1421875
0 0.2046875 0.303125 0.08125 0.05625
0 0.17265625 0.5875 0.1140625 0.109375