0 0.16953125 0.21015625 0.128125 0.1328125
0 0.09921875 0.32421875 0.1984375 0.0921875
0 0.38125 0.02265625 0.10625 0.0453125
0 0.06875 0.4171875 0.1375 0.0953125
0 0.77265625 0.04609375 0.153125 0.0921875
0 0.95 0.084375 0.1 0.16796875
0 0.97109375 0.3328125 0.0578125 0.165625
0 0.971875 0.7203125 0.05625 0.084375
0 0.9640625 0.90390625 0.071875 0.1921875
0 0.71171875 0.44375 0.4203125 0.6234375
0 0.80859375 0.8125 0.225 0.11875
0 0.4328125 0.6453125 0.1390625 0.2515625
0 0.671875 0.10859375 0.0734375 0.0453125