0 0.88125 0.16875 0.078125 0.0484375
0 0.821875 0.27734375 0.046875 0.1
0 0.9109375 0.25703125 0.0625 0.05625
0 0.79296875 0.59375 0.1890625 0.19140625
0 0.778125 0.821875 0.16875 0.2203125
0 0.903125 0.71171875 0.0375 0.0703125
0 0.32109375 0.9546875 0.6421875 0.084375
0 0.30703125 0.8046875 0.6140625 0.2171875
0 0.3 0.5234375 0.6 0.3453125
0 0.31015625 0.30078125 0.5328125 0.09765625
0 0.3046875 0.203125 0.453125 0.1
0 0.32890625 0.11328125 0.315625 0.0765625
0 0.3515625 0.053125 0.1546875 0.0390625