0 0.05625 0.3375 0.1125 0.3125
0 0.14921875 0.2296875 0.075 0.1234375
0 0.18359375 0.0546875 0.1578125 0.109375
0 0.29140625 0.0875 0.0296875 0.0453125
0 0.3125 0.01953125 0.0453125 0.0390625
0 0.4640625 0.0765625 0.0515625 0.0375
0 0.61640625 0.0484375 0.1046875 0.09375
0 0.54609375 0.215625 0.1421875 0.078125
0 0.45859375 0.16015625 0.0375 0.0390625
0 0.35234375 0.065625 0.034375 0.0375
0 0.94609375 0.0640625 0.0390625 0.04296875
0 0.73125 0.1421875 0.065625 0.053125
0 0.4859375 0.1234375 0.0359375 0.0296875
0 0.5703125 0.13125 0.0515625 0.0296875