0 0.1546875 0.875 0.2078125 0.23828125
0 0.95546875 0.72578125 0.0890625 0.5484375
0 0.7875 0.33671875 0.2375 0.25625
0 0.7765625 0.76484375 0.1703125 0.4703125
0 0.6 0.846875 0.1828125 0.30625
0 0.3953125 0.6453125 0.109375 0.0859375
0 0.88671875 0.82890625 0.05 0.3421875
0 0.23203125 0.25390625 0.39375 0.3296875
0 0.15625 0.4984375 0.13125 0.1078125
0 0.33125 0.03203125 0.121875 0.0640625
0 0.63515625 0.0953125 0.11875 0.084375
0 0.60234375 0.2 0.046875 0.0609375
0 0.4984375 0.2984375 0.1375 0.203125