0 0.8453125 0.934375 0.309375 0.125
0 0.803125 0.7078125 0.2296875 0.240625
0 0.953125 0.840625 0.09375 0.0625
0 0.8890625 0.2234375 0.2 0.23828125
0 0.74140625 0.2734375 0.0734375 0.1
0 0.32109375 0.646875 0.5515625 0.3265625
0 0.36796875 0.4140625 0.2203125 0.13671875
0 0.3734375 0.075 0.1328125 0.103125
0 0.2390625 0.2296875 0.109375 0.15234375
0 0.5640625 0.25859375 0.025 0.0328125
0 0.63359375 0.3875 0.0734375 0.0921875
0 0.6875 0.4546875 0.025 0.05859375
0 0.40546875 0.97578125 0.103125 0.0484375
0 0.178125 0.865625 0.1265625 0.0859375
0 0.00703125 0.371875 0.0140625 0.0765625
0 0.0078125 0.4765625 0.015625 0.04296875
0 0.17421875 0.04609375 0.0609375 0.0453125
0 0.6265625 0.5921875 0.0578125 0.071875