0 0.7609375 0.065625 0.275 0.13125
0 0.87890625 0.15625 0.0546875 0.0859375
0 0.96171875 0.14140625 0.0765625 0.0953125
0 0.97109375 0.3140625 0.0578125 0.1875
0 0.8625 0.50390625 0.1296875 0.228125
0 0.809375 0.621875 0.10625 0.16015625
0 0.9296875 0.68359375 0.084375 0.0625
0 0.9484375 0.4703125 0.0453125 0.08203125
0 0.45234375 0.4515625 0.2 0.28515625
0 0.4859375 0.6625 0.11875 0.109375
0 0.790625 0.8796875 0.2453125 0.240625
0 0.6390625 0.7625 0.0578125 0.146875
0 0.584375 0.80859375 0.0515625 0.0625
0 0.478125 0.8953125 0.0296875 0.0453125
0 0.52421875 0.8890625 0.0265625 0.0328125
0 0.525 0.978125 0.0390625 0.04296875
0 0.58046875 0.9484375 0.04375 0.06875