0 0.153125 0.571875 0.30625 0.85546875
0 0.74453125 0.89765625 0.5109375 0.2046875
0 0.678125 0.65703125 0.321875 0.2734375
0 0.76796875 0.459375 0.1734375 0.0640625
0 0.71015625 0.18046875 0.2078125 0.15
0 0.76796875 0.28125 0.1703125 0.05078125
0 0.78671875 0.39765625 0.1375 0.0609375
0 0.78671875 0.325 0.121875 0.0375
0 0.39375 0.16796875 0.175 0.12109375
0 0.365625 0.2734375 0.11875 0.0953125
0 0.459375 0.3703125 0.3046875 0.1015625
0 0.43828125 0.4484375 0.2640625 0.0546875
0 0.41640625 0.50625 0.21875 0.05859375
0 0.33203125 0.72734375 0.0515625 0.1796875