0 0.90078125 0.5953125 0.196875 0.225
0 0.75546875 0.6421875 0.075 0.12109375
0 0.8046875 0.965625 0.2078125 0.06875
0 0.39140625 0.91171875 0.4640625 0.1765625
0 0.11640625 0.9203125 0.0921875 0.1171875
0 0.01953125 0.77734375 0.0390625 0.20703125
0 0.6296875 0.78828125 0.2015625 0.171875
0 0.3765625 0.76640625 0.2015625 0.1171875
0 0.2859375 0.5578125 0.15625 0.12890625
0 0.34921875 0.44453125 0.1640625 0.1
0 0.415625 0.59765625 0.0453125 0.0484375
0 0.271875 0.65703125 0.025 0.0453125
0 0.353125 0.6703125 0.0375 0.03515625
0 0.57890625 0.6375 0.025 0.0296875
0 0.44140625 0.5171875 0.028125 0.021875
0 0.403125 0.5359375 0.025 0.03125
0 0.48203125 0.6328125 0.0375 0.0234375