0 0.4625 0.4328125 0.184375 0.2984375
0 0.4953125 0.6453125 0.1078125 0.0921875
0 0.79609375 0.8875 0.278125 0.225
0 0.88515625 0.5421875 0.2296875 0.3265625
0 0.96953125 0.1359375 0.0609375 0.0953125
0 0.97578125 0.29375 0.0484375 0.1546875
0 0.8875 0.1125 0.0734375 0.1390625
0 0.715625 0.04765625 0.1796875 0.0953125
0 0.48203125 0.89140625 0.0359375 0.0390625
0 0.53203125 0.96875 0.025 0.04296875
0 0.53046875 0.88125 0.0171875 0.03125
0 0.60546875 0.80078125 0.1046875 0.0921875
0 0.6125 0.9375 0.0890625 0.0640625