0 0.453125 0.47734375 0.175 0.28125
0 0.48359375 0.6734375 0.0953125 0.084375
0 0.77890625 0.90625 0.2296875 0.1875
0 0.59140625 0.8203125 0.1171875 0.084375
0 0.47734375 0.90234375 0.0234375 0.04296875
0 0.52265625 0.89765625 0.0203125 0.0328125
0 0.81953125 0.5625 0.1421875 0.296875
0 0.925 0.5 0.0515625 0.09765625
0 0.9109375 0.6953125 0.06875 0.071875
0 0.95390625 0.17890625 0.08125 0.0859375
0 0.8546875 0.1453125 0.071875 0.13125
0 0.89453125 0.05859375 0.0578125 0.0546875
0 0.6875 0.06640625 0.178125 0.1328125
0 0.9625 0.328125 0.075 0.15234375