0 0.0234375 0.321875 0.046875 0.10546875
0 0.02265625 0.52734375 0.0453125 0.125
0 0.1328125 0.23828125 0.1125 0.1734375
0 0.33046875 0.31953125 0.0765625 0.0703125
0 0.2171875 0.0359375 0.1296875 0.0703125
0 0.2546875 0.15 0.0890625 0.140625
0 0.7734375 0.07421875 0.2859375 0.1484375
0 0.853125 0.31328125 0.184375 0.3125
0 0.25078125 0.84296875 0.0484375 0.0703125
0 0.39765625 0.72734375 0.05 0.06875
0 0.47890625 0.8921875 0.3515625 0.21484375
0 0.4390625 0.50078125 0.0359375 0.05859375
0 0.5375 0.553125 0.053125 0.0546875
0 0.73046875 0.47734375 0.0296875 0.0640625
0 0.653125 0.37890625 0.1421875 0.13671875