0 0.04296875 0.05 0.0390625 0.0375
0 0.0640625 0.359375 0.0984375 0.1015625
0 0.0578125 0.525 0.1140625 0.1265625
0 0.190625 0.2796875 0.0765625 0.1484375
0 0.26796875 0.1390625 0.1328125 0.2171875
0 0.35625 0.3578125 0.0578125 0.0625
0 0.41796875 0.6984375 0.0390625 0.0703125
0 0.48984375 0.8421875 0.2734375 0.21875
0 0.453125 0.50625 0.0296875 0.0484375
0 0.53359375 0.55 0.03125 0.053125
0 0.5609375 0.02734375 0.0984375 0.0546875
0 0.73203125 0.140625 0.2375 0.18125
0 0.8 0.36796875 0.1375 0.259375
0 0.95078125 0.57890625 0.0984375 0.2328125
0 0.95625 0.028125 0.0875 0.05625
0 0.03515625 0.94609375 0.0703125 0.1078125
0 0.2953125 0.78515625 0.040625 0.0703125
0 0.296875 0.96640625 0.078125 0.0671875
0 0.01796875 0.83671875 0.0359375 0.1109375
0 0.14765625 0.0578125 0.0515625 0.0640625
0 0.93125 0.23828125 0.1375 0.29296875
0 0.653125 0.4390625 0.1390625 0.178125