0 0.1015625 0.06875 0.034375 0.025
0 0.259375 0.0640625 0.06875 0.0625
0 0.2 0.125 0.046875 0.03515625
0 0.79375 0.10546875 0.4125 0.1578125
0 0.11796875 0.69921875 0.2359375 0.21484375
0 0.1671875 0.9390625 0.334375 0.12109375
0 0.28515625 0.8375 0.071875 0.071875
0 0.36796875 0.3921875 0.153125 0.103125
0 0.4859375 0.2984375 0.0765625 0.053125
0 0.59296875 0.38125 0.09375 0.103125
0 0.8375 0.31875 0.25625 0.09375
0 0.66640625 0.5859375 0.6671875 0.37109375
0 0.878125 0.87109375 0.24375 0.2578125