0 0.09296875 0.171875 0.1859375 0.15
0 0.30390625 0.1484375 0.4109375 0.296875
0 0.703125 0.2125 0.396875 0.425
0 0.98203125 0.3453125 0.0359375 0.13125
0 0.22890625 0.4390625 0.4578125 0.26171875
0 0.2578125 0.76171875 0.371875 0.37890625
0 0.5015625 0.653125 0.1234375 0.2046875
0 0.63125 0.496875 0.1296875 0.146875
0 0.74765625 0.4375 0.0453125 0.07421875
0 0.82734375 0.65546875 0.3453125 0.1953125
0 0.68828125 0.85078125 0.1109375 0.115625
0 0.88203125 0.84453125 0.2359375 0.17578125
0 0.77109375 0.50390625 0.0421875 0.06640625
0 0.90390625 0.446875 0.0421875 0.0546875