0 0.0578125 0.06171875 0.1109375 0.1234375
0 0.20859375 0.025 0.0984375 0.05
0 0.040625 0.278125 0.06875 0.1015625
0 0.1953125 0.1859375 0.0546875 0.0453125
0 0.271875 0.28984375 0.2578125 0.1171875
0 0.2890625 0.45703125 0.16875 0.1859375
0 0.203125 0.678125 0.1921875 0.31640625
0 0.0375 0.93125 0.075 0.13671875
0 0.47109375 0.4828125 0.053125 0.08203125
0 0.76328125 0.1078125 0.4734375 0.21484375
0 0.87890625 0.31875 0.1734375 0.2203125
0 0.6484375 0.60078125 0.1421875 0.1015625
0 0.76015625 0.4515625 0.171875 0.14453125
0 0.69921875 0.86640625 0.3953125 0.2125