0 0.13125 0.071875 0.25625 0.1421875
0 0.1078125 0.340625 0.215625 0.171875
0 0.2828125 0.28828125 0.3328125 0.35
0 0.48046875 0.146875 0.325 0.29296875
0 0.70234375 0.37890625 0.378125 0.4
0 0.925 0.0421875 0.15 0.084375
0 0.9796875 0.4890625 0.040625 0.146875
0 0.12890625 0.6 0.2578125 0.2578125
0 0.21640625 0.86328125 0.2375 0.2734375
0 0.37421875 0.61796875 0.1859375 0.26953125
0 0.47421875 0.87265625 0.1671875 0.2546875
0 0.6390625 0.70390625 0.3203125 0.25
0 0.88828125 0.85078125 0.2234375 0.2984375
0 0.70859375 0.9703125 0.1515625 0.05859375
0 0.8953125 0.6015625 0.0265625 0.04296875
0 0.98984375 0.675 0.0203125 0.03515625