0 0.0421875 0.16484375 0.084375 0.23046875
0 0.275 0.271875 0.0703125 0.0765625
0 0.41484375 0.48515625 0.0421875 0.08203125
0 0.5359375 0.553125 0.046875 0.08203125
0 0.36640625 0.77734375 0.05 0.0765625
0 0.1921875 0.8953125 0.0546875 0.10546875
0 0.4578125 0.9078125 0.29375 0.18359375
0 0.7703125 0.446875 0.0359375 0.046875
0 0.915625 0.303125 0.1671875 0.2734375
0 0.75234375 0.0328125 0.0796875 0.065625
0 0.91171875 0.08125 0.1765625 0.1625
0 0.17109375 0.07109375 0.0625 0.0625
0 0.10625 0.215625 0.034375 0.03515625
0 0.4421875 0.53828125 0.0203125 0.0296875
0 0.6234375 0.275 0.03125 0.03515625
0 0.7078125 0.34453125 0.1109375 0.1109375