0 0.1546875 0.084375 0.23125 0.16796875
0 0.7296875 0.259375 0.540625 0.5171875
0 0.21015625 0.2921875 0.2859375 0.1484375
0 0.33203125 0.440625 0.228125 0.15234375
0 0.2078125 0.609375 0.153125 0.26171875
0 0.025 0.6703125 0.05 0.21484375
0 0.128125 0.87109375 0.25625 0.2578125
0 0.51640625 0.690625 0.0484375 0.0609375
0 0.61875 0.77265625 0.23125 0.1328125
0 0.5421875 0.540625 0.1171875 0.0796875
0 0.45546875 0.796875 0.046875 0.0625
0 0.51484375 0.940625 0.13125 0.1171875
0 0.959375 0.890625 0.08125 0.17578125