0 0.10234375 0.2015625 0.2046875 0.19140625
0 0.30546875 0.15234375 0.4109375 0.3046875
0 0.6953125 0.21796875 0.378125 0.4359375
0 0.98203125 0.34765625 0.0359375 0.1328125
0 0.13359375 0.4578125 0.2671875 0.259375
0 0.27578125 0.775 0.3671875 0.3671875
0 0.4328125 0.553125 0.309375 0.421875
0 0.703125 0.5625 0.221875 0.2578125
0 0.7125 0.8453125 0.140625 0.1109375
0 0.88828125 0.7515625 0.2234375 0.3765625
0 0.98828125 0.53515625 0.0234375 0.04296875
0 0.9046875 0.459375 0.05 0.0453125
0 0.55546875 0.934375 0.0234375 0.01953125