0 0.1296875 0.06171875 0.259375 0.1234375
0 0.03671875 0.27421875 0.05625 0.11328125
0 0.190625 0.19453125 0.071875 0.0625
0 0.275 0.29375 0.2625 0.109375
0 0.30234375 0.459375 0.15 0.19921875
0 0.475 0.4984375 0.05625 0.07421875
0 0.7296875 0.1203125 0.371875 0.240625
0 0.89375 0.3140625 0.184375 0.25390625
0 0.7734375 0.45 0.1734375 0.165625
0 0.6015625 0.5953125 0.04375 0.0609375
0 0.7015625 0.61015625 0.059375 0.0546875
0 0.2046875 0.70390625 0.1859375 0.2984375
0 0.03359375 0.9453125 0.0671875 0.10546875
0 0.61875 0.8015625 0.0578125 0.084375
0 0.52890625 0.93828125 0.059375 0.08984375
0 0.75390625 0.90546875 0.2484375 0.15