0 0.1046875 0.06875 0.0203125 0.0234375
0 0.26484375 0.05859375 0.0546875 0.06640625
0 0.203125 0.1234375 0.0390625 0.03515625
0 0.78203125 0.103125 0.4359375 0.1578125
0 0.36328125 0.38671875 0.1796875 0.11328125
0 0.33984375 0.2640625 0.0453125 0.0390625
0 0.48671875 0.2953125 0.0703125 0.040625
0 0.5828125 0.378125 0.08125 0.0953125
0 0.8359375 0.31875 0.2359375 0.09375
0 0.1109375 0.703125 0.221875 0.203125
0 0.16953125 0.90390625 0.3328125 0.1921875
0 0.6734375 0.5890625 0.653125 0.390625
0 0.878125 0.87890625 0.2421875 0.2421875