0 0.06328125 0.06171875 0.1265625 0.1234375
0 0.21875 0.03515625 0.1375 0.0703125
0 0.71875 0.121875 0.3421875 0.24375
0 0.89921875 0.32421875 0.1546875 0.228125
0 0.94921875 0.0578125 0.1015625 0.0859375
0 0.03671875 0.29765625 0.0609375 0.1015625
0 0.1953125 0.2015625 0.0640625 0.0453125
0 0.275 0.353125 0.2421875 0.18125
0 0.29296875 0.496875 0.125 0.13671875
0 0.19921875 0.71875 0.19375 0.30078125
0 0.03828125 0.95703125 0.0765625 0.0859375
0 0.46875 0.50390625 0.0765625 0.05859375
0 0.66015625 0.6171875 0.1515625 0.0859375
0 0.77421875 0.4671875 0.175 0.15625
0 0.62890625 0.81171875 0.0625 0.0640625
0 0.6984375 0.9171875 0.3859375 0.165625