0 0.01875 0.046875 0.025 0.03125
0 0.0125 0.18046875 0.025 0.140625
0 0.1421875 0.03984375 0.0703125 0.0546875
0 0.25546875 0.24921875 0.075 0.078125
0 0.41171875 0.4890625 0.0375 0.078125
0 0.54140625 0.5625 0.04375 0.08203125
0 0.34921875 0.8015625 0.0546875 0.0921875
0 0.15703125 0.9546875 0.05625 0.0703125
0 0.63359375 0.25859375 0.0234375 0.025
0 0.8 0.45390625 0.028125 0.0546875
0 0.92890625 0.2875 0.1421875 0.296875
0 0.92109375 0.059375 0.0640625 0.1171875
0 0.47109375 0.95078125 0.3015625 0.0984375
0 0.67734375 0.35 0.0203125 0.025
0 0.753125 0.3296875 0.0671875 0.125