0 0.05546875 0.06328125 0.1109375 0.1265625
0 0.209375 0.034375 0.109375 0.06875
0 0.71015625 0.115625 0.3296875 0.22265625
0 0.90390625 0.290625 0.1453125 0.2984375
0 0.0453125 0.29296875 0.0734375 0.109375
0 0.2734375 0.2671875 0.2640625 0.1875
0 0.2828125 0.4875 0.1484375 0.21875
0 0.20546875 0.7171875 0.221875 0.29296875
0 0.0234375 0.94609375 0.046875 0.1078125
0 0.4671875 0.490625 0.05625 0.06875
0 0.65390625 0.59375 0.14375 0.1015625
0 0.6109375 0.80859375 0.090625 0.07421875
0 0.69375 0.92109375 0.390625 0.15
0 0.7640625 0.45703125 0.153125 0.1625