0 0.190625 0.0890625 0.265625 0.178125
0 0.64296875 0.13984375 0.2421875 0.2796875
0 0.8546875 0.28515625 0.1796875 0.33203125
0 0.94609375 0.146875 0.1078125 0.29296875
0 0.0953125 0.32109375 0.0765625 0.11328125
0 0.29609375 0.29375 0.225 0.1625
0 0.3390625 0.459375 0.1421875 0.17578125
0 0.028125 0.7296875 0.05625 0.2328125
0 0.1171875 0.93359375 0.23125 0.1328125
0 0.23984375 0.678125 0.1640625 0.3265625
0 0.4734375 0.50078125 0.0625 0.078125
0 0.67265625 0.421875 0.0234375 0.0390625
0 0.63046875 0.60234375 0.11875 0.07421875
0 0.78515625 0.49375 0.0421875 0.06640625
0 0.60625 0.775 0.0515625 0.0625
0 0.66640625 0.8765625 0.34375 0.1265625