0 0.10390625 0.0640625 0.025 0.03515625
0 0.25625 0.053125 0.0765625 0.05859375
0 0.20703125 0.11796875 0.0421875 0.0453125
0 0.7984375 0.103125 0.403125 0.1578125
0 0.1140625 0.6953125 0.228125 0.21484375
0 0.28359375 0.8421875 0.0671875 0.0546875
0 0.171875 0.94453125 0.34375 0.1109375
0 0.37578125 0.3921875 0.1671875 0.103125
0 0.4875 0.2984375 0.0609375 0.0390625
0 0.5890625 0.37890625 0.1015625 0.0921875
0 0.8390625 0.3140625 0.234375 0.0875
0 0.66875 0.5890625 0.6625 0.3890625
0 0.88515625 0.88046875 0.2296875 0.2390625
0 0.33828125 0.2640625 0.0234375 0.0296875