0 0.09921875 0.19609375 0.1984375 0.1625
0 0.26875 0.15546875 0.35 0.3109375
0 0.66640625 0.23828125 0.4484375 0.4765625
0 0.98125 0.3453125 0.0375 0.140625
0 0.90390625 0.4625 0.053125 0.0453125
0 0.1234375 0.4546875 0.246875 0.25625
0 0.3734375 0.47578125 0.178125 0.26953125
0 0.2015625 0.765625 0.2328125 0.321875
0 0.38203125 0.85078125 0.146875 0.21484375
0 0.48359375 0.66484375 0.1640625 0.2015625
0 0.6796875 0.58515625 0.221875 0.2109375
0 0.70703125 0.853125 0.1515625 0.109375
0 0.88046875 0.74921875 0.2390625 0.36875
0 0.9890625 0.534375 0.021875 0.03515625
0 0.553125 0.9359375 0.01875 0.01953125