0 0.14375 0.07890625 0.21875 0.1578125
0 0.6390625 0.1296875 0.446875 0.259375
0 0.6828125 0.3171875 0.1015625 0.14453125
0 0.9171875 0.0203125 0.09375 0.040625
0 0.0828125 0.29296875 0.053125 0.05859375
0 0.05625 0.7453125 0.1125 0.415625
0 0.196875 0.56875 0.1171875 0.23046875
0 0.2046875 0.9 0.1875 0.19921875
0 0.46640625 0.921875 0.1375 0.15625
0 0.53828125 0.70390625 0.2890625 0.1875
0 0.25078125 0.27421875 0.19375 0.140625
0 0.29765625 0.41484375 0.2015625 0.1234375
0 0.503125 0.509375 0.0953125 0.06640625
0 0.61171875 0.4 0.0859375 0.11328125
0 0.896875 0.4140625 0.20625 0.22265625
0 0.9359375 0.80078125 0.128125 0.234375