0 0.1328125 0.0546875 0.2640625 0.109375
0 0.034375 0.28515625 0.06875 0.1015625
0 0.19765625 0.19375 0.08125 0.046875
0 0.27421875 0.2984375 0.2640625 0.103125
0 0.76015625 0.11640625 0.4796875 0.2328125
0 0.8875 0.31875 0.1765625 0.24375
0 0.471875 0.496875 0.084375 0.0859375
0 0.28359375 0.4625 0.15 0.178125
0 0.2078125 0.6984375 0.2046875 0.31875
0 0.0359375 0.94375 0.071875 0.1109375
0 0.61484375 0.79296875 0.065625 0.0921875
0 0.6875 0.9078125 0.3890625 0.1640625
0 0.64609375 0.603125 0.1375 0.103125
0 0.83359375 0.478125 0.0484375 0.0703125