0 0.253125 0.15625 0.50625 0.3125
0 0.70390625 0.2359375 0.3921875 0.471875
0 0.98671875 0.34453125 0.0265625 0.13125
0 0.90546875 0.45703125 0.0625 0.053125
0 0.22890625 0.4625 0.4578125 0.2734375
0 0.2671875 0.78125 0.3671875 0.3671875
0 0.50859375 0.69921875 0.11875 0.15
0 0.63203125 0.584375 0.3078125 0.20703125
0 0.69921875 0.8484375 0.1140625 0.125
0 0.88203125 0.753125 0.2359375 0.365625
0 0.996875 0.528125 0.00625 0.0296875
0 0.49140625 0.42890625 0.0109375 0.01953125
0 0.55 0.9484375 0.0203125 0.025