0 0.109375 0.08125 0.15 0.1625
0 0.2453125 0.0546875 0.1109375 0.109375
0 0.6515625 0.1359375 0.25 0.271875
0 0.8515625 0.221875 0.165625 0.44375
0 0.965625 0.1546875 0.06875 0.30859375
0 0.0890625 0.315625 0.0671875 0.11328125
0 0.2984375 0.3140625 0.2578125 0.23046875
0 0.3140625 0.4890625 0.1078125 0.15234375
0 0.47578125 0.4890625 0.06875 0.08984375
0 0.2375 0.67109375 0.1703125 0.3046875
0 0.02421875 0.7375 0.0484375 0.22265625
0 0.11015625 0.9234375 0.2203125 0.15234375
0 0.63984375 0.58984375 0.128125 0.0859375
0 0.73828125 0.4515625 0.146875 0.1265625
0 0.6703125 0.834375 0.3375 0.2046875