0 0.1015625 0.1796875 0.203125 0.15234375
0 0.2734375 0.1484375 0.3203125 0.296875
0 0.71171875 0.2328125 0.396875 0.46484375
0 0.46484375 0.059375 0.115625 0.1171875
0 0.125 0.446875 0.25 0.2671875
0 0.37890625 0.4609375 0.1859375 0.26953125
0 0.271875 0.759375 0.3546875 0.35
0 0.55625 0.60234375 0.196875 0.271875
0 0.72734375 0.57109375 0.1203125 0.18359375
0 0.71796875 0.83671875 0.1328125 0.1015625
0 0.890625 0.7328125 0.21875 0.35546875
0 0.98203125 0.33515625 0.0359375 0.12890625
0 0.99140625 0.52421875 0.0171875 0.03515625