0 0.1796875 0.08984375 0.271875 0.1796875
0 0.64296875 0.1375 0.25625 0.275
0 0.9359375 0.01875 0.128125 0.0375
0 0.87109375 0.225 0.19375 0.44921875
0 0.10078125 0.33125 0.065625 0.109375
0 0.296875 0.32109375 0.2359375 0.196875
0 0.4734375 0.4984375 0.06875 0.0765625
0 0.63203125 0.60234375 0.1203125 0.0703125
0 0.78359375 0.49375 0.053125 0.0875
0 0.696875 0.83515625 0.28125 0.2015625
0 0.52890625 0.8890625 0.059375 0.07421875
0 0.6046875 0.9828125 0.0203125 0.0328125
0 0.24921875 0.6703125 0.178125 0.3046875
0 0.02734375 0.73046875 0.0546875 0.21484375
0 0.11953125 0.89765625 0.2390625 0.2046875