0 0.565625 0.0421875 0.0984375 0.084375
0 0.94140625 0.5890625 0.1171875 0.225
0 0.215625 0.03046875 0.03125 0.0375
0 0.90390625 0.178125 0.121875 0.1171875
0 0.36484375 0.365625 0.06875 0.071875
0 0.07421875 0.4546875 0.1484375 0.2484375
0 0.42265625 0.6859375 0.0515625 0.06875
0 0.896875 0.0546875 0.203125 0.109375
0 0.771875 0.38125 0.1328125 0.1734375
0 0.221875 0.2921875 0.1015625 0.171875
0 0.6859375 0.48515625 0.0421875 0.07421875
0 0.0640625 0.07734375 0.05 0.053125
0 0.03203125 0.8765625 0.0640625 0.24375
0 0.16171875 0.084375 0.0359375 0.0375
0 0.275 0.1765625 0.13125 0.2109375
0 0.06953125 0.9640625 0.053125 0.071875
0 0.93828125 0.34765625 0.1234375 0.109375
0 0.53046875 0.5484375 0.03125 0.0484375
0 0.31484375 0.9453125 0.1609375 0.109375
0 0.3109375 0.76875 0.0390625 0.07421875
0 0.4953125 0.8203125 0.2921875 0.1875
0 0.4609375 0.515625 0.040625 0.071875
0 0.703125 0.171875 0.2125 0.2265625