0 0.0234375 0.64453125 0.046875 0.16015625
0 0.11171875 0.5578125 0.1703125 0.07421875
0 0.1625 0.634375 0.0875 0.0953125
0 0.2484375 0.02265625 0.0671875 0.0453125
0 0.19140625 0.071875 0.05 0.0453125
0 0.36171875 0.31875 0.1671875 0.103125
0 0.8 0.05625 0.4 0.1125
0 0.47421875 0.23046875 0.06875 0.03515625
0 0.59375 0.31171875 0.1015625 0.103125
0 0.84609375 0.24375 0.2421875 0.1015625
0 0.6671875 0.50390625 0.665625 0.365625
0 0.17109375 0.89609375 0.3421875 0.2078125
0 0.2734375 0.75625 0.053125 0.0765625
0 0.88828125 0.8421875 0.2234375 0.3125
0 0.74296875 0.96171875 0.078125 0.0765625