0 0.14375 0.07890625 0.2171875 0.1578125
0 0.5546875 0.11796875 0.240625 0.2359375
0 0.82265625 0.259375 0.3546875 0.5171875
0 0.08125 0.3015625 0.05 0.0625
0 0.24453125 0.26484375 0.2078125 0.14453125
0 0.190625 0.5265625 0.1375 0.14453125
0 0.271875 0.4046875 0.10625 0.12109375
0 0.39609375 0.43671875 0.065625 0.0609375
0 0.540625 0.521875 0.134375 0.0796875
0 0.58125 0.71875 0.2578125 0.1875
0 0.03359375 0.640625 0.0671875 0.2109375
0 0.153125 0.87265625 0.30625 0.2546875
0 0.1953125 0.6546875 0.128125 0.1234375
0 0.4953125 0.9265625 0.1546875 0.146875
0 0.4296875 0.7671875 0.053125 0.084375
0 0.953125 0.853125 0.09375 0.2015625