0 0.146875 0.0890625 0.234375 0.178125
0 0.72265625 0.05078125 0.5546875 0.1015625
0 0.57734375 0.18046875 0.25 0.1703125
0 0.721875 0.321875 0.128125 0.21484375
0 0.8375 0.1921875 0.2890625 0.23828125
0 0.9234375 0.4453125 0.153125 0.23046875
0 0.07421875 0.3109375 0.06875 0.0640625
0 0.1984375 0.2328125 0.0671875 0.0453125
0 0.284375 0.309375 0.1296875 0.0921875
0 0.271875 0.42890625 0.1 0.1109375
0 0.01796875 0.6640625 0.0359375 0.196875
0 0.20390625 0.6015625 0.1421875 0.24609375
0 0.13515625 0.8515625 0.2703125 0.296875
0 0.40546875 0.4609375 0.059375 0.0546875
0 0.54140625 0.5375 0.121875 0.0765625
0 0.57421875 0.75703125 0.3078125 0.24609375
0 0.49296875 0.934375 0.1390625 0.13125
0 0.95703125 0.884375 0.0859375 0.19140625