0 0.14375 0.07421875 0.2765625 0.1484375
0 0.07421875 0.2984375 0.0703125 0.1078125
0 0.21875 0.2078125 0.0640625 0.0453125
0 0.28671875 0.334375 0.2390625 0.165625
0 0.31171875 0.48046875 0.1296875 0.140625
0 0.2234375 0.66875 0.1921875 0.3109375
0 0.03984375 0.84140625 0.0796875 0.3171875
0 0.15 0.9296875 0.159375 0.140625
0 0.6625 0.128125 0.26875 0.25625
0 0.890625 0.2296875 0.21875 0.4125
0 0.47109375 0.4890625 0.059375 0.071875
0 0.8 0.48046875 0.0546875 0.07421875
0 0.64921875 0.59375 0.1671875 0.0921875
0 0.66953125 0.8453125 0.3546875 0.21875