0 0.1015625 0.1671875 0.203125 0.1625
0 0.31171875 0.15234375 0.4109375 0.3046875
0 0.7015625 0.2359375 0.3625 0.471875
0 0.98203125 0.3375 0.0359375 0.13125
0 0.090625 0.4640625 0.18125 0.259375
0 0.33359375 0.4203125 0.303125 0.209375
0 0.27578125 0.7359375 0.359375 0.4203125
0 0.50546875 0.653125 0.1171875 0.1890625
0 0.675 0.57421875 0.2171875 0.20703125
0 0.7109375 0.834375 0.1375 0.103125
0 0.88828125 0.7140625 0.2234375 0.4046875
0 0.89453125 0.44375 0.0390625 0.04296875
0 0.553125 0.92265625 0.0125 0.015625