0 0.0359375 0.0375 0.071875 0.07421875
0 0.23203125 0.1234375 0.2453125 0.24609375
0 0.58359375 0.07734375 0.4484375 0.1546875
0 0.84921875 0.2671875 0.3015625 0.415625
0 0.48046875 0.2359375 0.284375 0.2125
0 0.18359375 0.465625 0.3671875 0.30078125
0 0.540625 0.709375 0.1484375 0.15625
0 0.78125 0.6625 0.0796875 0.11328125
0 0.9546875 0.571875 0.05625 0.0625
0 0.89765625 0.65546875 0.03125 0.046875
0 0.16875 0.91796875 0.04375 0.03515625
0 0.48515625 0.9390625 0.1 0.06875
0 0.91953125 0.91484375 0.1609375 0.1703125