0 0.05859375 0.065625 0.1171875 0.13125
0 0.20859375 0.03515625 0.115625 0.0703125
0 0.71328125 0.10859375 0.3671875 0.2171875
0 0.89609375 0.30390625 0.1921875 0.2890625
0 0.97734375 0.03515625 0.0453125 0.0703125
0 0.03828125 0.2859375 0.0765625 0.1109375
0 0.196875 0.19609375 0.059375 0.0625
0 0.3046875 0.29609375 0.2 0.12890625
0 0.2984375 0.4546875 0.1609375 0.19921875
0 0.46953125 0.49140625 0.05 0.08203125
0 0.2046875 0.7015625 0.178125 0.31640625
0 0.0234375 0.94453125 0.046875 0.08203125
0 0.64921875 0.603125 0.1484375 0.0953125
0 0.8265625 0.48125 0.0484375 0.07421875
0 0.6171875 0.803125 0.0546875 0.0640625
0 0.6921875 0.9046875 0.378125 0.146875