0 0.0546875 0.35625 0.109375 0.41796875
0 0.228125 0.14765625 0.1953125 0.19140625
0 0.39921875 0.14453125 0.1171875 0.1734375
0 0.7796875 0.16328125 0.440625 0.321875
0 0.3265625 0.45234375 0.43125 0.31875
0 0.0171875 0.6203125 0.0296875 0.03515625
0 0.13359375 0.821875 0.2671875 0.35546875
0 0.40546875 0.81171875 0.2859375 0.3765625
0 0.6328125 0.909375 0.1640625 0.18125
0 0.80390625 0.96015625 0.175 0.0796875
0 0.92109375 0.63984375 0.1578125 0.2046875
0 0.97421875 0.471875 0.0515625 0.103125