0 0.140625 0.065625 0.2796875 0.13125
0 0.6984375 0.1109375 0.30625 0.221875
0 0.90234375 0.23828125 0.1953125 0.384375
0 0.046875 0.28203125 0.0484375 0.1078125
0 0.2703125 0.25625 0.2390625 0.17578125
0 0.29609375 0.440625 0.1859375 0.20703125
0 0.20625 0.659375 0.209375 0.33203125
0 0.03671875 0.93125 0.0734375 0.11328125
0 0.475 0.484375 0.059375 0.078125
0 0.6484375 0.5953125 0.1359375 0.09375
0 0.82109375 0.46484375 0.0609375 0.103125
0 0.6 0.78203125 0.0671875 0.0703125
0 0.52578125 0.91015625 0.0453125 0.0921875
0 0.71796875 0.89140625 0.3 0.1484375