0 0.16328125 0.10625 0.1765625 0.2125
0 0.346875 0.07734375 0.1375 0.1546875
0 0.80625 0.1703125 0.271875 0.3375
0 0.965625 0.01875 0.06875 0.0375
0 0.9640625 0.384375 0.071875 0.28125
0 0.95234375 0.5984375 0.046875 0.1
0 0.8140625 0.71171875 0.040625 0.0546875
0 0.740625 0.90546875 0.046875 0.0546875
0 0.884375 0.96796875 0.196875 0.0640625
0 0.60234375 0.60859375 0.0546875 0.0640625
0 0.1578125 0.3875 0.0546875 0.1015625
0 0.32421875 0.29765625 0.0609375 0.04296875
0 0.29296875 0.3828125 0.0609375 0.05625
0 0.4265625 0.4234375 0.1953125 0.165625
0 0.41328125 0.5859375 0.1453125 0.1578125
0 0.33046875 0.7828125 0.2 0.3578125
0 0.075 0.8609375 0.15 0.259375
0 0.73984375 0.7109375 0.046875 0.07421875
0 0.5234375 0.68671875 0.025 0.03125
0 0.82890625 0.50625 0.021875 0.025
0 0.8484375 0.5859375 0.0703125 0.09375