0 0.525 0.803125 0.165625 0.1734375
0 0.10859375 0.39375 0.1125 0.1265625
0 0.42578125 0.67578125 0.0453125 0.0640625
0 0.69296875 0.196875 0.21875 0.21484375
0 0.65625 0.0609375 0.3078125 0.12109375
0 0.0921875 0.103125 0.028125 0.040625
0 0.9046875 0.075 0.184375 0.15
0 0.25078125 0.9765625 0.0265625 0.0375
0 0.4203125 0.78125 0.040625 0.078125
0 0.45546875 0.509375 0.0296875 0.053125
0 0.9265625 0.575 0.146875 0.20703125
0 0.30859375 0.259375 0.05 0.040625
0 0.9828125 0.7125 0.034375 0.05625
0 0.23203125 0.06171875 0.034375 0.0390625
0 0.74921875 0.3921875 0.121875 0.17578125
0 0.178125 0.1109375 0.0234375 0.03125
0 0.27734375 0.1625 0.103125 0.0703125
0 0.08671875 0.55 0.1625 0.1625
0 0.05859375 0.84296875 0.1140625 0.3125
0 0.37421875 0.38125 0.0484375 0.0484375
0 0.5265625 0.5421875 0.0265625 0.04296875
0 0.665625 0.4953125 0.0328125 0.046875
0 0.96328125 0.27734375 0.0734375 0.171875
0 0.23515625 0.334375 0.10625 0.17578125
0 0.34609375 0.9390625 0.11875 0.12109375
0 0.34296875 0.7671875 0.090625 0.109375
0 0.88125 0.28984375 0.14375 0.2484375
0 0.965625 0.978125 0.06875 0.0390625