0 0.29765625 0.9171875 0.0921875 0.14453125
0 0.16953125 0.12421875 0.1296875 0.1171875
0 0.93515625 0.44375 0.075 0.12890625
0 0.37890625 0.4625 0.078125 0.12109375
0 0.7078125 0.1328125 0.0359375 0.046875
0 0.53046875 0.690625 0.04375 0.046875
0 0.5921875 0.56328125 0.0625 0.084375
0 0.9671875 0.70390625 0.065625 0.0625
0 0.4265625 0.54609375 0.0359375 0.040625
0 0.51640625 0.4671875 0.028125 0.0390625
0 0.6515625 0.340625 0.0203125 0.01953125
0 0.75078125 0.421875 0.015625 0.0171875
0 0.846875 0.6015625 0.0171875 0.01953125
0 0.784375 0.696875 0.025 0.04296875
0 0.88984375 0.1796875 0.0171875 0.0171875