0 0.08046875 0.08203125 0.1546875 0.1625
0 0.24140625 0.05625 0.1484375 0.1125
0 0.72421875 0.1390625 0.34375 0.265625
0 0.9140625 0.3296875 0.171875 0.31640625
0 0.05625 0.3265625 0.0703125 0.13671875
0 0.28515625 0.30625 0.284375 0.20703125
0 0.31484375 0.5140625 0.1484375 0.1703125
0 0.22734375 0.7203125 0.1890625 0.36875
0 0.04765625 0.97578125 0.0921875 0.0484375
0 0.4921875 0.5375 0.0671875 0.08203125
0 0.6296875 0.6484375 0.0390625 0.0640625
0 0.71875 0.65625 0.05625 0.0640625
0 0.85703125 0.525 0.046875 0.09765625
0 0.72265625 0.440625 0.028125 0.0484375
0 0.80390625 0.4328125 0.0359375 0.03125
0 0.746875 0.53125 0.0734375 0.0921875
0 0.6375 0.85234375 0.0703125 0.06875
0 0.70546875 0.9375 0.3734375 0.125