0 0.14765625 0.0859375 0.25625 0.171875
0 0.08515625 0.29609375 0.0546875 0.07421875
0 0.19140625 0.246875 0.0640625 0.1
0 0.28828125 0.32109375 0.13125 0.1484375
0 0.21015625 0.58125 0.14375 0.2578125
0 0.025 0.63984375 0.05 0.21484375
0 0.1390625 0.878125 0.278125 0.24375
0 0.87265625 0.1109375 0.2546875 0.221875
0 0.60234375 0.1265625 0.3359375 0.253125
0 0.721875 0.31171875 0.1171875 0.1625
0 0.91796875 0.37421875 0.1640625 0.303125
0 0.4015625 0.44375 0.0578125 0.07421875
0 0.5359375 0.525 0.140625 0.08203125
0 0.58984375 0.7359375 0.2515625 0.1890625
0 0.4375 0.771875 0.046875 0.0703125
0 0.478125 0.928125 0.1609375 0.140625
0 0.9546875 0.865625 0.090625 0.1859375
0 0.63046875 0.4125 0.15 0.12109375
0 0.30703125 0.984375 0.0265625 0.03125