0 0.1015625 0.19375 0.203125 0.15625
0 0.31328125 0.15703125 0.3953125 0.3140625
0 0.6984375 0.24140625 0.378125 0.4828125
0 0.9828125 0.3515625 0.034375 0.12109375
0 0.121875 0.45234375 0.24375 0.2484375
0 0.37421875 0.45234375 0.1796875 0.225
0 0.265625 0.759375 0.371875 0.39453125
0 0.50703125 0.66484375 0.1203125 0.2203125
0 0.6640625 0.5859375 0.2640625 0.2265625
0 0.7109375 0.853125 0.1453125 0.10546875
0 0.89296875 0.728125 0.2140625 0.415625
0 0.89609375 0.459375 0.0421875 0.0390625
0 0.49140625 0.428125 0.0203125 0.0234375
0 0.5546875 0.9375 0.0109375 0.0140625