0 0.12421875 0.07421875 0.2453125 0.1484375
0 0.05625 0.284375 0.0625 0.0640625
0 0.13984375 0.86484375 0.2796875 0.2703125
0 0.18359375 0.571875 0.1328125 0.25390625
0 0.2234375 0.328125 0.18125 0.28515625
0 0.37734375 0.428125 0.0484375 0.0546875
0 0.56953125 0.71796875 0.2234375 0.16796875
0 0.4640625 0.9171875 0.1359375 0.165625
0 0.41171875 0.75625 0.059375 0.06875
0 0.703125 0.1171875 0.578125 0.234375
0 0.66796875 0.340625 0.159375 0.21484375
0 0.91015625 0.38125 0.1796875 0.26953125
0 0.94296875 0.8234375 0.1140625 0.2578125
0 0.5109375 0.509375 0.125 0.06640625