0 0.125 0.07421875 0.2328125 0.1484375
0 0.059375 0.2828125 0.046875 0.05859375
0 0.234375 0.25859375 0.184375 0.13671875
0 0.18046875 0.55859375 0.1328125 0.2515625
0 0.1453125 0.87265625 0.290625 0.2546875
0 0.01015625 0.62890625 0.0203125 0.16796875
0 0.371875 0.425 0.046875 0.0640625
0 0.45546875 0.071875 0.1109375 0.14375
0 0.7546875 0.246875 0.490625 0.49375
0 0.5046875 0.50625 0.125 0.0390625
0 0.54140625 0.709375 0.284375 0.2046875
0 0.46171875 0.9234375 0.15 0.15234375
0 0.9375 0.81171875 0.125 0.240625