0 0.6328125 0.2015625 0.096875 0.1640625
0 0.9109375 0.584375 0.16875 0.1546875
0 0.4296875 0.66015625 0.0421875 0.05859375
0 0.55 0.1 0.0921875 0.08984375
0 0.1125 0.12109375 0.0375 0.040625
0 0.96484375 0.69375 0.0703125 0.08203125
0 0.8796875 0.2046875 0.05625 0.053125
0 0.896875 0.96796875 0.1484375 0.0640625
0 0.2078125 0.1296875 0.04375 0.0375
0 0.1296875 0.37890625 0.0875 0.09375
0 0.68984375 0.0421875 0.2609375 0.08203125
0 0.24921875 0.3265625 0.0828125 0.115625
0 0.3234375 0.2875 0.05 0.0625
0 0.13203125 0.515625 0.0796875 0.103125
0 0.38203125 0.38125 0.04375 0.0453125
0 0.3078125 0.1890625 0.1 0.0921875
0 0.24765625 0.0796875 0.03125 0.02734375
0 0.9171875 0.084375 0.165625 0.16796875
0 0.95625 0.2640625 0.0734375 0.19140625
0 0.7375 0.39765625 0.1015625 0.171875
0 0.73671875 0.2421875 0.103125 0.140625
0 0.45546875 0.50625 0.03125 0.0390625
0 0.5265625 0.540625 0.034375 0.040625
0 0.07265625 0.82421875 0.1453125 0.3515625
0 0.4390625 0.78203125 0.3640625 0.165625
0 0.33828125 0.9234375 0.1796875 0.15
0 0.6125 0.4453125 0.1296875 0.15625
0 0.890625 0.38671875 0.21875 0.234375