0 0.15390625 0.0875 0.2234375 0.175
0 0.6765625 0.09765625 0.4984375 0.1953125
0 0.6765625 0.290625 0.3140625 0.19921875
0 0.87578125 0.38671875 0.18125 0.23046875
0 0.09921875 0.290625 0.040625 0.0609375
0 0.24921875 0.29609375 0.184375 0.17578125
0 0.04296875 0.6109375 0.0796875 0.2046875
0 0.2125 0.525 0.140625 0.2828125
0 0.38359375 0.4234375 0.0375 0.046875
0 0.509375 0.50703125 0.1203125 0.08984375
0 0.62109375 0.4203125 0.034375 0.05859375
0 0.55234375 0.6828125 0.228125 0.17578125
0 0.15546875 0.8546875 0.3109375 0.290625
0 0.415625 0.73046875 0.0546875 0.0609375
0 0.47578125 0.89765625 0.1640625 0.2046875
0 0.92421875 0.790625 0.1515625 0.1953125