0 0.153125 0.08125 0.2390625 0.1625
0 0.08203125 0.290625 0.034375 0.0921875
0 0.190625 0.25078125 0.0703125 0.1078125
0 0.72265625 0.1265625 0.5546875 0.253125
0 0.72265625 0.3265625 0.1328125 0.1625
0 0.93359375 0.40234375 0.1328125 0.271875
0 0.953125 0.865625 0.09375 0.19140625
0 0.021875 0.65625 0.04375 0.21484375
0 0.1375 0.8875 0.275 0.225
0 0.20625 0.609375 0.1359375 0.296875
0 0.28828125 0.3609375 0.11875 0.21875
0 0.51171875 0.67578125 0.0546875 0.06875
0 0.40546875 0.446875 0.0390625 0.053125
0 0.63125 0.76484375 0.178125 0.134375
0 0.4828125 0.86875 0.15625 0.26171875
0 0.53203125 0.5328125 0.1046875 0.053125
0 0.57421875 0.3796875 0.028125 0.03515625
0 0.65234375 0.4140625 0.08125 0.11328125